75
5 77 42 58 33 83 55 66 48 34 15 51 39 11 84 24 39 40 36 36 12 57 96 46 77 50 79 17 41 65 43 76 1 86 18 80 82 86 50 54 44 81 15 32 62 92 39 59 25 16 25 59 78 49 83 84 43 74 77 2 77 70 53 3 57 20 49 77 43 60 57 51 21 27 59 
25 61 93 70 20 8 2 66 3 11 90 98 45 87 66 36 20 45 53 66 84 73 67 30 33 92 42 47 45 86 38 51 26 70 3 78 28 77 67 64 72 49 29 16 14 94 90 37 17 56 94 45 1 28 67 78 96 33 91 84 30 19 56 10 59 27 41 89 55 67 75 79 71 90 5 
46 7 63 2 8 72 45 94 99 58 42 96 21 58 38 87 89 48 81 67 14 53 78 63 29 1 7 14 19 54 60 63 22 3 39 42 60 53 78 60 50 93 36 66 19 40 79 51 37 3 4 16 41 90 62 42 42 13 68 35 92 35 57 18 63 51 9 49 55 12 98 48 52 24 46 
9 15 21 24 30 96 85 19 39 40 48 82 5 34 0 71 16 69 9 7 74 89 67 74 93 59 33 0 59 40 32 27 20 18 81 70 41 86 28 3 36 90 74 16 65 87 5 71 80 91 52 32 8 36 50 74 28 9 32 42 1 67 88 12 53 28 80 39 51 40 56 71 75 4 84 
43 9 80 26 81 74 54 68 83 32 73 93 48 64 53 82 99 9 68 1 16 58 17 66 16 92 85 47 28 28 67 14 67 66 22 72 25 76 14 17 83 44 43 4 88 7 86 10 15 31 31 23 48 33 73 0 1 37 17 98 21 35 97 80 24 54 75 90 38 96 62 48 2 2 83 
34 99 78 34 24 2 67 44 73 55 20 95 72 98 90 53 32 99 11 26 3 10 80 53 30 44 59 4 51 15 74 19 12 73 89 79 88 28 70 55 68 78 92 96 32 76 45 27 3 33 70 84 29 53 85 35 53 76 85 38 72 6 23 13 25 29 44 54 50 65 12 81 60 0 13 
24 59 53 64 10 76 28 94 1 28 20 51 42 2 22 2 13 50 62 21 65 23 95 59 22 62 9 55 78 44 2 79 7 1 62 63 23 43 3 85 66 83 89 82 33 70 73 94 0 53 57 85 93 3 64 66 17 93 24 82 44 33 52 22 1 46 48 29 32 63 71 77 59 42 83 
53 12 53 86 45 85 49 66 50 43 80 8 48 65 49 54 46 65 22 53 2 97 14 77 38 75 29 64 67 75 97 54 48 55 71 12 19 26 27 25 20 2 88 86 51 39 72 3 21 12 45 97 27 24 42 87 99 23 40 37 47 0 37 31 96 11 75 76 76 40 45 38 92 2 96 
79 54 23 53 91 15 41 16 93 80 30 24 60 67 85 6 98 77 44 48 76 56 87 69 25 83 43 77 5 18 44 36 86 60 16 84 82 50 57 95 25 99 90 98 70 59 35 61 68 53 92 40 38 8 95 11 36 98 22 90 58 84 15 75 48 74 56 50 68 93 62 23 28 62 54 
3 3 53 80 33 75 91 80 56 89 17 31 23 28 15 78 84 73 36 83 50 73 20 9 77 93 97 83 52 94 51 8 11 65 48 64 27 18 46 51 20 37 83 76 10 6 79 67 35 74 18 4 60 95 11 8 27 81 68 21 50 92 8 1 42 58 26 52 55 34 24 15 64 70 96 
25 15 33 50 89 20 89 93 51 50 37 9 84 75 1 26 82 8 74 42 61 1 92 59 51 65 10 11 86 96 97 83 67 27 46 45 72 45 67 53 71 80 57 79 59 0 83 74 45 23 39 85 31 50 6 55 21 56 54 53 57 45 0 5 40 38 65 86 35 40 70 47 57 62 39 
40 27 13 24 96 90 26 36 9 5 95 31 47 54 92 88 40 15 86 0 52 2 7 9 9 28 76 71 94 47 79 80 22 89 31 1 52 73 34 88 74 65 67 85 63 59 11 9 5 2 10 18 43 60 59 42 52 73 84 18 67 3 7 60 32 53 47 56 80 71 63 20 0 96 66 
71 5 67 59 52 32 88 75 56 3 75 50 17 82 34 11 71 77 36 32 14 13 3 54 62 69 95 41 99 26 81 96 77 60 22 57 6 9 18 81 27 71 18 15 30 55 61 54 27 48 39 76 46 7 50 58 44 33 6 99 2 26 70 10 38 45 69 52 38 0 16 42 4 12 69 
31 36 82 96 10 0 69 54 40 77 40 15 33 84 7 82 66 0 66 93 98 80 18 51 77 74 13 41 27 61 25 44 66 36 9 88 36 71 35 99 87 47 34 18 38 88 88 89 29 82 76 47 46 38 99 72 48 70 96 78 61 92 10 23 83 13 66 5 75 1 39 38 42 95 23 
63 61 78 47 59 41 76 14 20 81 0 7 24 96 19 57 20 67 67 60 23 3 36 10 87 51 48 32 77 37 42 12 29 75 4 52 2 70 29 33 79 23 42 22 96 6 73 27 24 40 16 70 43 45 72 17 81 72 62 22 58 71 19 81 58 30 20 96 16 27 21 53 74 36 8 
64 87 34 51 56 85 71 50 89 76 39 58 95 93 58 41 94 88 81 79 30 92 52 92 83 32 81 45 74 35 96 58 26 33 39 37 26 6 65 12 20 85 70 41 52 61 21 43 15 16 43 1 79 15 24 19 83 46 20 13 48 75 96 4 28 35 78 48 14 90 95 72 59 42 85 
22 40 42 26 78 58 68 8 46 87 41 22 72 98 15 39 88 59 66 54 50 53 4 27 24 33 2 94 81 99 95 42 60 87 71 48 92 74 70 85 46 12 49 50 13 24 42 20 35 75 51 88 48 77 8 13 68 85 82 64 34 63 76 62 96 41 90 62 87 68 17 62 35 13 30 
16 29 84 87 40 1 95 27 29 26 33 47 73 97 87 77 87 49 52 14 73 85 9 93 38 93 31 50 58 36 81 65 8 28 30 51 90 66 57 26 89 56 28 58 71 86 39 29 14 45 29 64 62 24 85 45 8 61 23 16 66 23 61 81 55 73 35 0 44 16 71 8 88 35 86 
52 38 40 44 36 29 22 7 3 78 25 19 61 78 6 12 83 6 84 54 76 8 78 58 48 54 92 87 57 79 49 60 57 31 30 60 19 13 72 24 93 76 51 69 15 93 94 80 51 81 76 74 20 87 18 20 47 2 13 31 84 76 23 49 18 66 85 82 49 24 71 95 60 57 70 
93 53 26 52 40 61 96 23 6 86 0 13 88 19 50 69 76 86 33 25 38 97 98 44 49 96 28 98 13 40 33 68 80 0 12 32 26 0 15 52 90 98 99 51 66 54 30 88 30 67 81 20 58 9 48 96 99 34 48 51 4 79 51 54 82 56 23 10 17 48 53 80 70 68 24 
44 99 3 75 43 5 59 56 34 10 31 76 48 34 56 11 33 80 19 9 70 99 81 91 18 14 34 91 26 74 35 8 44 42 79 65 97 5 41 46 12 1 5 81 69 43 62 20 28 28 35 32 4 3 90 52 83 48 28 72 42 45 69 65 51 28 4 84 11 54 47 79 27 51 77 
68 27 90 44 56 4 68 95 83 27 2 28 50 27 0 32 38 66 13 88 85 9 60 76 3 97 84 83 16 97 69 62 88 88 87 57 28 10 33 24 44 76 79 47 14 33 17 30 26 63 68 76 23 54 6 15 3 58 10 94 92 0 42 53 35 15 46 26 97 92 26 5 20 14 40 
15 95 37 99 8 31 40 20 7 71 62 47 79 28 2 30 11 26 42 38 0 66 14 31 83 30 55 91 74 70 90 31 87 65 11 71 4 3 3 55 43 2 33 58 38 41 26 94 16 8 25 82 50 56 10 66 12 94 95 73 96 11 59 14 57 92 31 68 37 15 64 94 29 30 72 
16 83 43 70 0 3 13 63 98 87 35 50 99 64 91 76 28 97 47 30 7 7 16 5 22 24 39 92 90 29 45 73 56 51 1 53 30 13 58 18 4 88 28 30 25 61 61 86 22 24 21 47 31 94 1 6 66 72 14 86 13 71 25 41 2 0 57 28 41 58 45 5 3 40 94 
64 74 45 26 74 10 46 50 60 46 5 96 72 64 33 80 19 48 91 4 16 43 44 56 54 49 5 44 35 48 67 43 13 36 17 19 62 13 12 62 36 8 14 15 84 74 95 19 3 14 28 73 31 30 75 97 15 78 32 41 38 77 53 4 27 17 44 53 67 89 27 92 97 85 27 
80 90 43 23 45 61 57 59 1 28 20 3 30 29 92 65 10 33 5 99 0 82 83 40 7 70 65 35 65 99 45 93 74 6 76 48 47 21 56 4 26 68 8 54 72 6 95 41 34 75 93 64 81 13 23 83 9 97 58 30 33 99 48 16 21 69 95 58 4 88 94 58 18 80 83 
43 98 26 22 71 66 26 76 36 84 81 21 30 51 17 39 86 67 9 57 59 22 21 52 21 37 58 25 43 3 46 75 39 9 26 35 13 16 45 7 0 28 62 17 17 85 87 57 26 44 24 14 12 7 39 53 26 26 34 23 97 83 76 39 48 57 29 16 33 21 24 29 19 38 67 
51 23 56 53 7 46 76 53 25 9 2 48 89 48 83 16 30 69 53 56 24 28 90 84 67 60 74 75 47 81 26 44 38 30 10 21 29 67 50 27 56 95 17 22 53 87 75 14 12 14 45 72 24 82 91 38 2 54 6 70 83 90 11 10 84 88 1 81 92 84 19 47 53 33 90 
38 39 24 10 65 34 94 56 6 15 83 9 72 54 18 17 37 84 87 86 12 60 6 20 31 31 57 22 56 13 57 52 1 67 54 30 76 56 7 24 84 36 14 11 30 15 34 67 48 3 11 19 19 37 47 55 18 71 34 33 19 36 17 56 69 28 81 37 88 58 46 11 37 35 55 
42 35 97 88 68 15 46 86 53 39 40 41 2 89 67 80 86 19 62 62 68 68 30 9 63 92 64 87 60 16 81 38 54 75 20 65 13 94 45 1 53 19 82 10 42 42 23 78 53 53 55 88 82 32 57 23 66 38 57 38 19 11 77 28 30 76 28 92 37 25 15 71 43 36 81 
91 9 36 32 92 91 4 19 51 32 15 6 14 88 78 51 34 0 53 36 88 99 63 85 99 95 88 28 84 78 41 14 56 89 14 25 99 8 53 57 46 92 44 9 26 77 13 89 76 91 61 76 18 69 2 31 8 81 3 4 72 23 66 1 52 9 86 19 34 4 32 71 18 77 10 
37 7 55 22 54 40 8 9 12 78 83 45 33 76 14 34 61 92 66 33 18 49 9 59 65 93 42 51 36 79 3 63 22 54 96 90 11 10 48 96 70 37 14 23 57 39 99 97 88 11 26 7 1 93 85 85 84 32 91 81 75 53 35 66 73 70 16 25 57 30 90 2 46 90 46 
41 97 65 34 69 35 1 8 23 17 93 29 60 58 40 90 48 29 75 71 26 57 36 5 18 42 3 26 67 0 73 50 10 18 65 69 40 17 43 92 58 88 57 10 39 74 4 88 33 47 82 69 29 18 70 20 49 19 30 68 23 85 39 27 51 32 60 62 31 31 99 77 55 73 76 
54 60 1 36 17 3 75 7 16 94 69 46 44 27 12 15 24 65 5 75 73 63 88 6 11 58 0 88 16 52 3 11 63 2 25 20 69 18 38 91 27 85 70 96 35 84 85 58 86 31 62 85 79 35 4 11 43 94 72 3 25 25 91 46 4 89 42 5 23 95 96 69 53 54 27 
14 90 51 10 2 51 60 47 9 30 55 8 86 14 25 52 34 19 31 70 41 93 25 67 38 71 82 4 35 55 73 86 14 13 29 30 28 9 8 49 76 34 62 26 81 5 93 72 95 59 45 62 76 14 90 32 96 3 90 8 51 86 50 75 27 87 9 63 64 2 8 70 21 82 20 
69 78 66 92 62 61 16 24 44 14 52 60 38 49 61 4 11 95 63 4 65 93 5 76 99 66 1 18 2 37 55 2 25 54 79 3 61 17 63 52 32 76 45 16 4 19 34 23 52 23 13 5 72 65 98 5 0 78 62 27 63 62 60 20 93 88 51 59 6 13 64 12 98 90 31 
12 15 21 69 96 65 5 27 17 77 34 40 13 32 75 50 43 52 86 19 53 94 78 82 35 43 40 63 44 21 76 9 77 53 20 55 42 68 11 47 74 27 84 68 83 8 18 27 34 42 32 61 17 89 70 12 50 87 42 3 74 87 26 15 35 9 35 32 98 51 86 85 57 19 11 
13 96 64 39 23 68 67 88 45 9 92 33 49 26 19 20 5 75 31 15 1 70 48 38 75 16 96 94 99 94 16 68 85 99 77 6 20 86 83 79 29 57 56 51 17 41 82 9 24 73 60 8 63 75 69 41 61 39 40 59 38 9 26 30 49 17 40 58 64 86 69 64 58 64 77 
59 41 33 57 53 57 56 16 45 54 60 73 17 90 7 31 48 11 62 90 90 80 58 24 68 90 41 21 63 63 67 71 6 52 17 99 52 44 83 5 21 73 94 54 77 49 65 1 74 45 69 51 2 55 53 36 28 75 68 16 9 26 61 58 97 66 80 36 3 61 71 28 50 43 66 
75 69 99 45 6 41 32 19 69 36 14 2 64 58 9 85 77 85 92 15 66 65 59 72 53 17 99 99 25 18 78 82 53 45 76 82 33 85 40 30 45 67 13 6 91 54 90 81 8 27 64 48 23 89 95 36 57 30 54 64 68 74 17 67 79 78 15 80 12 26 17 87 79 4 47 
81 67 35 36 9 78 23 44 85 28 16 2 0 1 91 40 37 21 58 61 10 42 15 73 48 46 35 48 82 66 93 12 34 10 46 25 39 34 22 45 78 19 97 13 28 44 91 3 31 48 13 76 33 5 32 94 38 54 21 75 80 10 84 50 62 85 59 48 9 97 91 54 10 66 25 
38 7 38 66 44 74 37 49 56 10 24 14 69 97 81 96 92 83 32 33 59 64 77 70 37 1 98 18 72 77 38 28 71 51 88 48 46 21 67 72 28 43 60 44 67 86 60 88 2 29 83 46 4 21 8 3 21 45 1 44 7 72 40 73 3 87 9 94 98 56 60 19 39 58 8 
58 79 4 53 52 69 32 11 41 40 88 19 57 90 87 3 63 71 70 34 26 98 15 78 47 4 56 3 25 91 90 41 72 11 68 45 73 37 10 41 41 36 30 6 65 94 21 28 61 11 60 33 57 53 7 26 79 83 41 55 76 76 34 38 71 17 25 56 4 87 5 44 63 56 70 
1 83 96 58 98 78 27 30 77 71 30 11 61 39 40 14 57 50 80 72 83 58 41 48 6 62 41 91 29 57 39 77 99 6 20 1 0 40 29 43 17 35 79 99 8 6 27 15 37 52 57 71 29 85 8 12 70 66 61 66 11 61 54 2 70 8 46 4 27 93 67 68 99 51 59 
40 7 44 7 18 79 74 29 78 48 25 58 18 10 54 70 40 18 62 85 34 88 99 50 26 69 85 69 8 6 13 77 40 32 45 61 0 63 51 34 91 34 93 87 54 53 11 88 67 75 93 91 37 19 24 40 99 17 6 9 68 33 86 20 12 33 46 81 95 85 65 99 9 1 41 
74 19 6 37 23 45 5 13 17 81 97 23 29 10 24 82 45 99 86 22 85 92 34 30 10 71 53 58 44 84 45 65 32 17 15 48 55 37 77 22 51 73 4 23 84 65 93 12 73 46 11 64 73 92 50 25 73 95 95 15 34 76 17 86 76 17 50 36 97 99 18 92 48 15 26 
50 33 67 49 24 39 40 97 66 29 29 85 72 14 20 98 60 95 68 41 31 27 87 88 64 47 18 65 40 61 16 84 22 44 8 91 75 65 10 97 54 27 25 16 89 48 14 92 4 89 50 85 48 77 54 85 61 51 36 85 37 65 51 22 12 41 96 47 0 35 51 37 25 29 97 
30 11 92 99 99 80 34 41 71 70 42 54 29 51 76 60 90 75 2 88 72 47 72 43 98 79 95 96 2 11 22 9 95 71 5 46 81 56 12 89 88 63 69 4 40 37 50 58 65 87 62 44 49 9 14 25 43 44 63 28 76 87 27 10 80 11 1 69 8 88 3 14 58 70 99 
88 50 21 14 98 81 43 97 99 91 40 81 62 95 40 51 4 90 11 94 94 53 85 78 32 65 28 97 68 88 36 23 41 35 73 94 80 90 61 12 76 45 53 79 22 73 2 52 56 70 77 68 39 28 84 12 8 40 43 67 95 75 91 86 12 15 94 48 60 5 65 35 0 50 24 
55 41 69 70 34 59 31 33 86 79 23 57 84 33 37 42 42 16 70 54 40 20 61 16 90 90 33 69 74 2 64 52 89 19 4 13 1 97 68 97 99 32 18 14 98 90 40 29 76 89 18 97 4 90 35 2 86 78 75 47 48 75 29 19 90 76 21 14 8 15 15 76 75 36 88 
54 50 59 81 4 19 75 65 80 71 25 59 46 7 68 66 6 6 2 94 83 76 45 13 41 56 85 90 49 74 29 73 97 35 17 68 39 46 62 50 48 49 26 86 50 45 72 83 35 59 56 23 93 25 64 27 42 17 2 90 57 12 85 26 80 46 8 76 53 26 30 11 48 29 25 
60 6 65 18 45 49 76 61 44 88 87 66 23 30 6 99 3 95 86 54 58 50 18 79 39 67 89 64 60 56 80 81 46 84 73 22 20 8 73 12 61 58 20 63 98 68 96 95 1 5 86 43 42 39 20 27 43 5 12 22 97 29 54 38 14 27 75 68 1 72 62 45 34 89 67 
12 7 20 94 7 96 93 38 63 77 71 84 47 89 23 92 65 27 6 82 93 64 86 66 96 55 6 6 73 27 78 65 55 71 3 29 90 96 36 21 68 71 7 73 28 62 32 8 2 14 99 85 74 86 66 6 67 11 77 86 52 92 93 68 25 5 28 69 93 9 2 3 1 1 22 
5 13 92 57 60 67 52 77 67 76 39 75 59 83 68 9 9 93 40 61 10 75 2 7 78 55 99 71 72 38 22 16 5 15 40 86 92 41 11 30 11 19 11 72 85 73 46 70 88 68 77 92 5 19 92 72 39 57 41 26 76 30 55 66 28 73 34 47 12 49 51 92 90 56 17 
58 25 50 50 29 11 10 57 28 15 3 30 20 4 66 33 37 8 19 39 51 72 36 62 88 25 89 19 87 60 99 83 50 49 16 23 73 85 43 9 46 39 1 33 42 43 23 53 2 99 64 54 75 54 76 71 84 13 3 59 73 0 47 75 65 91 52 22 70 19 78 86 26 17 15 
40 78 98 48 22 5 12 17 45 10 61 28 31 84 50 13 96 36 23 97 58 90 26 11 34 81 21 20 66 95 66 55 20 52 22 20 9 20 93 14 31 41 54 76 84 48 43 17 97 55 65 24 60 88 14 15 55 1 42 52 2 42 32 47 99 33 2 27 96 25 58 31 21 79 61 
41 40 68 60 37 63 27 81 33 41 14 39 98 14 34 47 27 70 28 13 45 96 24 75 98 44 30 9 52 98 64 9 27 89 27 45 31 61 18 96 3 49 65 61 18 62 24 64 40 41 78 52 79 60 86 73 97 1 84 75 65 66 61 19 21 45 2 11 54 75 70 41 11 56 29 
41 33 52 64 4 0 25 63 9 12 30 73 55 3 27 90 33 86 78 29 63 99 82 45 24 42 98 83 9 4 2 13 70 97 95 33 88 79 93 33 88 71 3 27 38 0 93 15 2 11 9 28 40 42 53 64 62 38 50 43 92 31 99 95 28 0 32 91 24 35 40 98 57 10 6 
11 46 58 17 2 14 92 64 18 83 42 78 71 20 36 77 56 22 56 50 85 51 61 9 62 39 43 64 64 72 68 27 54 18 14 70 24 29 94 90 32 16 26 25 97 82 79 33 93 70 98 93 60 99 79 65 31 26 89 11 63 30 77 23 7 79 62 47 85 43 67 68 33 42 87 
70 19 40 67 2 59 85 73 82 19 68 16 93 61 85 49 98 45 38 13 65 86 21 66 85 92 20 68 52 69 42 52 92 85 46 75 27 72 82 10 19 52 47 75 55 85 19 16 42 44 12 96 13 75 47 5 45 75 53 33 49 5 99 78 49 31 41 17 88 6 94 1 2 85 34 
8 51 69 57 6 69 89 92 77 92 95 82 88 65 64 45 98 92 27 83 84 75 24 71 92 73 64 53 5 88 31 91 70 24 55 51 78 48 60 74 86 74 52 86 35 50 80 80 72 52 58 56 55 36 6 42 4 56 43 27 58 81 38 45 67 54 15 4 25 71 49 70 6 30 9 
34 96 36 19 58 73 34 23 54 27 34 15 97 77 2 38 19 62 1 62 52 30 22 71 89 18 89 15 93 53 40 55 15 38 67 60 27 99 92 92 18 55 78 99 92 51 45 97 2 54 4 6 52 31 7 69 33 97 84 3 41 11 64 16 77 95 23 4 63 60 97 11 68 15 5 
20 39 46 48 56 3 24 42 91 98 66 49 32 50 92 23 49 40 88 59 95 51 3 91 55 63 17 30 63 72 72 57 84 47 34 20 12 43 64 46 21 88 67 21 20 34 40 93 37 73 45 33 84 70 15 1 65 25 55 46 69 97 93 31 29 90 71 16 4 82 85 18 96 44 30 
43 42 5 12 40 15 96 44 85 56 65 67 95 82 3 80 86 59 24 32 59 77 62 30 57 12 87 64 84 68 53 59 53 49 60 45 30 50 74 22 23 93 70 42 19 57 96 50 89 64 32 94 72 92 58 45 78 20 35 73 26 36 83 6 50 45 83 62 44 99 93 75 71 82 27 
41 87 96 88 15 75 84 99 81 52 68 50 69 35 49 42 42 6 45 62 11 55 78 14 93 66 58 83 71 22 88 60 87 76 1 59 61 97 64 22 25 10 55 38 86 57 98 43 66 13 71 62 62 18 81 52 14 28 83 14 78 4 25 26 96 7 60 34 3 6 23 56 33 93 22 
42 72 95 60 35 47 39 46 12 63 91 73 2 26 30 93 76 73 0 28 5 81 70 19 31 24 82 45 19 82 82 17 19 36 13 97 54 9 32 45 71 26 32 39 39 12 68 38 64 54 98 21 9 66 18 28 84 82 42 42 64 79 70 92 76 36 0 35 55 25 48 41 6 16 3 
17 8 53 18 56 43 38 27 12 9 34 46 24 80 48 42 7 30 13 15 46 48 93 40 69 55 99 3 78 3 19 20 89 1 73 28 96 35 26 74 6 18 50 84 95 99 62 73 87 90 71 86 32 33 76 23 44 6 6 81 24 86 20 62 42 17 35 45 61 70 28 39 10 43 46 
75 21 1 79 55 66 44 2 79 14 94 71 72 39 27 18 65 75 33 47 81 69 61 32 15 40 14 82 79 9 37 88 74 53 67 85 0 57 52 45 34 0 48 96 36 30 35 0 33 86 41 29 14 68 5 7 32 58 73 54 29 65 76 79 27 69 55 39 1 99 9 53 55 30 41 
21 17 5 30 60 7 82 79 16 56 85 1 32 81 93 58 62 22 8 35 49 20 63 79 33 30 68 75 81 46 87 15 60 14 64 63 17 81 75 66 62 84 64 0 61 75 41 25 68 77 42 40 14 15 63 78 7 98 48 80 10 98 0 84 7 40 8 79 32 41 89 14 37 81 23 
30 43 44 76 91 78 87 37 16 23 46 91 4 1 93 64 82 60 93 89 82 84 58 72 82 88 72 43 35 30 16 64 37 73 9 12 62 38 30 51 14 48 6 29 93 27 80 7 22 14 97 42 96 53 57 97 71 46 58 2 13 30 35 30 51 20 6 26 96 26 85 19 88 88 3 
2 1 77 10 49 15 40 72 30 87 28 20 98 11 53 19 94 92 75 1 58 0 19 2 58 20 77 54 37 35 3 89 62 41 35 7 91 86 83 4 66 41 0 4 15 17 62 31 11 77 3 75 90 2 95 11 88 86 74 45 6 98 22 72 21 15 5 72 80 99 43 66 42 8 16 
51 8 23 16 82 49 2 25 31 68 63 79 0 35 82 23 30 69 94 17 99 55 17 23 84 88 33 67 62 14 18 22 8 49 6 92 39 55 61 64 97 87 43 17 84 44 80 15 38 22 23 55 72 3 58 29 0 7 97 48 8 18 89 9 96 95 21 54 76 58 9 2 64 28 28 
21 85 75 88 53 88 2 76 29 22 22 78 43 87 26 86 85 32 73 12 13 21 53 14 21 52 50 18 46 48 62 36 72 13 88 43 63 97 91 74 2 36 16 85 33 49 8 42 67 30 72 15 90 79 44 46 45 30 55 65 55 50 81 59 42 57 43 52 96 84 39 89 83 88 88 
60 56 51 37 39 61 74 23 43 23 73 50 76 43 31 40 12 35 25 89 91 38 62 31 31 40 62 6 16 75 52 92 53 62 77 58 77 4 83 58 58 66 15 9 74 7 27 91 21 45 57 75 10 12 58 21 92 11 98 30 12 95 49 94 98 52 29 45 66 95 51 88 2 70 82 
89 41 52 75 98 75 17 91 10 80 85 30 93 63 49 76 61 49 62 7 83 70 35 33 17 96 99 24 59 21 83 17 64 92 98 77 62 66 46 46 54 50 45 29 90 32 18 37 6 14 81 10 6 81 29 9 15 11 3 48 17 85 57 28 28 61 47 58 38 98 86 19 44 8 3 
