52
29 0 10 28 26 49 44 34 37 72 73 56 30 68 22 60 29 92 34 91 65 74 55 65 50 77 95 95 71 40 48 18 59 17 46 31 1 36 45 11 59 41 6 80 72 97 94 85 65 70 81 11 
61 41 98 61 42 30 8 84 48 99 62 48 46 17 73 43 20 0 90 60 66 91 35 26 24 4 22 83 47 38 97 35 44 92 94 4 73 33 23 5 28 31 2 14 28 57 91 84 47 67 15 13 
55 21 28 35 61 79 71 82 43 23 66 43 53 20 72 32 63 51 96 3 15 53 42 28 39 89 84 71 71 96 59 26 40 19 62 91 76 56 73 10 77 1 53 91 73 51 80 3 25 71 87 41 
15 91 16 4 82 12 5 96 60 58 43 39 14 14 4 29 72 68 8 27 17 45 0 86 68 54 30 52 29 57 41 65 77 90 56 79 48 54 60 10 53 67 3 72 33 41 51 58 18 63 56 62 
83 67 33 73 13 17 81 19 92 2 13 84 83 42 28 14 55 59 68 3 19 69 75 98 90 84 33 10 18 37 56 14 8 66 88 59 60 36 50 44 74 45 51 61 93 87 70 8 58 92 50 20 
13 82 67 11 63 84 4 28 47 22 10 18 26 86 75 77 74 34 89 43 52 55 32 74 26 41 47 16 44 5 28 68 48 0 22 21 5 85 15 57 29 2 72 40 62 79 48 63 59 41 86 92 
20 15 51 76 59 0 11 29 55 88 65 29 3 56 58 31 73 33 83 69 9 77 34 3 0 62 6 24 82 0 57 40 43 74 12 26 51 80 54 68 22 16 89 48 7 86 5 1 61 71 50 19 
51 54 70 28 1 87 62 89 55 38 89 49 6 51 27 26 87 4 87 90 53 74 13 28 11 98 27 43 7 32 86 68 66 95 94 33 91 9 86 34 27 16 31 37 59 66 57 29 7 18 64 92 
64 44 60 66 28 12 86 10 49 74 27 76 2 70 95 56 23 64 20 43 98 79 51 67 96 59 77 94 90 12 7 44 74 66 10 30 14 44 28 52 32 84 55 82 93 93 45 32 82 0 16 91 
3 1 9 84 99 40 15 75 80 35 56 32 41 2 3 71 24 45 30 67 89 43 32 43 0 2 56 96 78 62 36 74 11 79 73 86 18 26 75 41 74 91 5 75 4 87 96 2 42 69 64 86 
19 78 97 19 10 22 79 3 33 66 50 54 89 61 94 22 92 23 94 43 40 33 12 25 79 14 76 87 53 66 66 85 73 82 35 5 32 17 60 86 49 11 21 37 42 79 73 89 12 74 51 66 
53 15 50 99 2 81 7 53 93 62 71 40 53 58 12 14 73 79 65 22 24 9 90 91 9 77 82 74 8 16 99 58 13 46 75 23 73 56 98 29 57 75 17 52 66 27 18 57 6 68 27 28 
48 93 19 90 31 14 28 57 91 96 76 2 73 93 99 27 16 50 19 83 77 2 2 75 35 71 89 83 70 68 13 86 51 18 66 24 92 48 89 30 68 51 32 39 9 34 58 85 67 27 53 94 
94 3 50 11 26 1 75 52 59 51 5 34 23 20 15 69 66 82 15 5 49 92 14 45 92 8 63 79 83 52 9 43 20 2 15 47 66 26 50 20 89 72 1 71 94 28 52 15 48 67 15 15 
89 55 39 35 11 22 23 84 94 84 57 54 50 39 67 19 43 72 69 70 21 5 46 21 31 81 39 80 80 0 65 18 76 69 42 14 85 14 2 33 61 11 60 22 65 26 3 23 32 55 37 87 
39 56 63 17 93 48 31 4 14 74 44 0 89 49 95 54 83 2 71 68 32 26 70 56 56 23 31 95 71 38 64 42 2 38 14 53 14 0 48 89 35 99 38 56 14 59 70 70 44 95 64 55 
3 40 39 24 48 49 99 84 51 97 72 72 90 60 33 3 33 93 31 33 3 4 81 42 86 24 20 19 81 6 99 40 79 50 84 97 20 38 47 4 48 37 61 49 84 68 21 30 2 0 11 88 
97 45 6 58 57 0 88 1 9 5 49 21 30 75 56 76 45 48 18 25 90 93 61 65 28 19 14 6 0 93 60 71 66 86 36 28 23 18 94 27 89 37 13 53 17 64 28 13 19 85 41 42 
49 85 86 59 33 5 64 51 69 90 59 66 41 15 93 33 88 18 10 54 52 82 21 84 53 20 94 35 9 87 8 27 81 34 51 40 12 42 98 65 48 98 78 45 74 47 27 84 76 68 49 70 
51 11 3 7 20 27 64 7 99 99 82 76 30 47 64 59 60 73 89 68 49 10 0 43 43 92 35 88 43 77 46 2 22 18 56 56 40 14 89 24 38 85 9 26 76 85 34 45 54 44 5 49 
16 8 98 85 57 92 41 35 73 17 1 79 36 66 36 17 99 24 70 24 1 1 87 15 15 95 36 70 61 74 54 43 25 79 94 18 19 73 52 88 30 59 23 56 57 10 79 17 15 97 58 64 
49 31 69 21 27 18 98 25 6 62 31 54 28 64 82 12 54 85 10 60 63 35 75 67 46 72 8 96 70 82 73 11 42 31 51 35 9 69 49 43 56 29 62 62 73 30 37 37 49 29 81 13 
22 25 77 2 59 94 72 54 34 51 31 19 15 68 44 17 63 44 47 28 8 60 17 39 84 90 80 81 30 98 58 17 16 46 57 45 99 73 11 35 41 34 89 49 49 80 45 99 54 96 50 63 
49 69 1 21 61 75 21 49 81 86 12 91 85 62 56 81 71 69 53 7 25 85 21 24 7 37 83 98 58 28 26 97 60 61 9 57 33 13 83 81 3 22 89 7 25 40 97 46 18 78 6 19 
97 92 46 1 70 57 15 28 28 80 5 6 49 44 7 65 86 61 82 12 23 69 59 29 61 36 84 12 33 12 5 86 28 66 21 52 73 86 96 51 70 57 25 17 87 42 13 15 45 90 99 56 
34 45 63 1 67 11 86 10 87 63 19 88 0 95 92 21 49 29 0 94 73 7 13 27 98 99 72 2 38 25 93 74 40 13 69 27 73 52 85 45 41 79 20 25 20 20 46 51 89 38 21 68 
94 60 14 72 83 74 32 70 1 89 80 77 28 84 64 16 81 99 32 84 18 40 92 61 76 60 39 67 38 21 13 56 11 43 3 43 70 57 92 15 15 6 36 95 55 12 10 86 64 85 80 4 
15 85 66 88 71 28 20 48 15 78 16 95 69 13 88 61 62 3 82 30 46 45 18 41 0 27 41 11 67 97 11 89 27 40 95 31 71 95 12 91 65 37 28 86 57 20 21 38 72 15 36 46 
63 37 65 58 31 19 14 78 0 20 27 18 91 87 51 53 43 77 75 16 87 46 3 46 9 88 67 45 23 66 67 6 51 75 5 75 54 58 61 4 81 29 75 84 27 7 62 69 59 87 49 26 
14 77 46 78 55 19 52 79 19 53 26 40 8 34 59 20 50 73 37 47 68 5 0 91 14 49 64 73 35 60 79 94 30 37 85 42 86 24 19 28 18 90 15 3 40 94 42 96 70 64 71 24 
99 31 20 63 32 59 16 89 91 33 32 52 62 80 96 50 17 16 93 39 65 2 84 0 33 4 54 96 3 63 24 4 9 55 50 7 46 26 11 51 91 53 48 27 74 36 54 46 30 97 84 77 
51 37 30 45 81 15 79 96 56 86 25 66 5 42 70 47 28 94 41 72 11 49 68 8 51 82 77 22 87 47 79 45 2 35 89 59 26 60 78 75 58 88 45 42 41 47 61 17 45 67 86 77 
27 55 2 71 57 90 95 71 46 84 74 40 18 76 57 79 82 42 14 30 20 7 74 20 76 14 26 55 89 28 33 17 39 34 37 79 83 17 89 55 98 79 46 74 48 63 37 64 91 13 55 97 
28 46 94 16 73 48 37 82 50 35 36 16 15 79 62 49 10 57 22 44 39 45 21 27 31 58 94 94 67 34 86 27 34 16 63 87 78 41 67 17 85 46 85 86 15 56 3 37 73 50 51 93 
16 0 30 18 96 39 80 61 57 8 9 29 47 10 85 31 46 67 82 29 16 19 41 31 36 9 67 86 77 10 45 94 39 56 50 8 87 60 91 85 41 36 3 95 91 33 98 46 49 80 32 22 
75 44 71 19 96 29 86 53 21 24 58 80 75 20 99 68 75 35 70 55 74 81 53 68 33 55 84 87 63 76 9 15 98 31 25 35 80 36 96 42 82 12 34 85 72 84 56 28 56 29 50 54 
78 12 21 13 41 41 20 94 8 58 91 57 75 58 5 18 28 83 94 16 91 93 59 79 86 73 37 97 95 70 56 33 52 32 13 6 80 99 34 55 76 30 96 67 97 50 48 7 85 29 75 64 
77 97 71 29 5 30 46 66 36 58 77 90 36 41 44 14 14 89 2 78 11 25 47 31 90 39 5 36 33 66 24 58 3 54 3 11 5 3 40 17 18 65 12 96 18 8 43 94 38 59 55 96 
29 14 29 15 14 89 90 49 57 87 63 97 26 65 27 93 30 85 50 79 62 11 71 12 9 44 20 89 1 48 34 20 94 70 49 35 2 52 69 80 82 84 66 6 38 10 99 55 68 91 33 91 
11 48 64 96 87 41 70 32 42 70 43 49 70 40 67 1 93 63 75 34 82 3 80 16 34 85 42 93 47 98 31 46 38 8 45 62 7 48 69 59 86 39 54 21 45 20 51 94 80 80 64 76 
23 34 90 40 10 70 69 8 79 61 90 12 46 70 30 48 53 13 86 70 64 5 55 43 71 63 21 49 79 85 80 1 79 85 79 58 3 29 36 75 68 53 17 24 64 84 37 64 97 26 64 4 
1 14 13 56 76 16 6 4 85 88 82 45 28 15 59 62 93 42 91 53 22 33 21 47 23 52 84 45 71 65 79 62 16 35 73 50 8 56 93 48 39 63 79 4 24 36 42 31 39 33 1 24 
78 69 49 21 4 99 20 19 51 2 20 95 94 8 15 67 23 38 3 53 64 11 55 50 89 85 45 22 62 1 80 8 26 10 69 29 98 70 17 47 70 44 81 41 74 62 63 18 74 6 83 90 
48 57 78 52 42 5 78 70 81 64 42 31 7 51 81 32 82 75 79 15 66 7 0 13 53 98 28 66 91 17 37 88 29 47 84 96 98 1 28 68 52 64 0 59 97 0 78 86 40 71 21 13 
28 28 37 58 11 55 28 2 15 63 37 74 0 58 92 76 47 0 48 12 25 14 45 74 25 2 95 82 67 78 84 4 80 18 98 54 47 28 81 59 19 70 11 57 16 53 19 99 56 98 72 6 
29 79 75 34 13 81 56 57 63 91 84 72 98 2 73 26 41 65 23 82 21 48 48 85 42 30 41 37 8 56 79 45 47 25 48 10 79 67 93 87 9 24 65 37 27 79 49 61 78 41 4 84 
14 1 95 10 1 80 78 2 45 9 61 13 13 25 77 70 29 95 75 39 81 44 43 79 65 13 91 80 86 30 50 11 55 44 77 63 70 50 65 35 22 70 19 48 39 71 22 30 72 62 73 22 
94 94 97 23 21 61 45 67 48 30 15 45 90 49 96 53 80 42 99 86 3 62 96 76 78 35 6 3 45 82 7 84 1 60 52 3 84 62 17 53 33 67 41 53 45 21 58 3 57 78 84 73 
4 1 88 62 5 52 78 23 78 39 98 60 1 12 96 29 36 77 75 3 32 3 60 83 70 19 82 30 61 60 28 7 61 72 51 81 49 4 7 60 93 23 45 71 54 55 13 24 18 41 13 13 
30 47 66 64 95 99 25 58 41 30 51 4 22 30 34 6 78 6 18 13 81 97 56 65 78 42 90 16 19 2 1 58 74 47 45 86 2 62 50 58 61 77 0 20 59 28 0 21 31 49 22 82 
69 22 67 25 22 47 77 77 65 93 50 52 77 23 10 47 17 59 17 55 52 13 76 15 24 85 77 33 36 70 14 95 71 68 43 52 89 23 36 72 42 17 93 8 30 19 93 78 35 19 54 77 
34 18 47 49 57 49 50 75 82 94 85 37 5 35 35 69 85 37 87 87 4 31 52 5 86 74 6 23 47 69 42 35 20 76 1 47 2 13 85 11 1 23 44 42 69 57 7 58 6 55 60 12 
