51
91 60 19 91 14 34 8 88 38 17 84 69 51 15 36 64 16 53 96 26 8 47 34 16 18 44 80 17 16 34 55 3 22 65 60 48 89 3 49 47 98 33 53 95 73 30 15 4 3 73 4 
28 0 74 33 46 82 48 33 99 31 66 69 69 38 48 37 61 9 45 51 76 27 99 50 10 77 31 45 4 36 28 15 1 14 27 86 87 74 5 0 88 58 29 30 80 58 0 14 2 38 15 
53 27 58 13 96 7 96 46 79 51 68 59 42 55 11 19 38 86 17 36 46 60 68 36 51 25 2 87 26 95 28 66 23 74 91 17 43 0 28 10 31 14 42 98 56 8 87 82 56 89 48 
23 23 88 39 78 79 83 20 55 10 37 12 5 53 43 69 76 34 86 82 43 96 77 87 1 72 55 87 87 60 93 50 99 54 46 89 8 70 47 17 50 50 42 24 45 60 70 76 2 19 78 
2 14 14 20 67 32 93 24 25 2 2 17 0 0 29 80 40 61 29 93 92 30 89 84 49 57 71 69 41 3 88 87 96 38 98 62 69 87 0 43 42 28 6 39 1 42 6 17 11 61 38 
36 70 92 97 74 68 69 54 38 4 83 34 89 80 40 35 15 49 69 57 81 63 36 1 68 78 20 66 93 90 21 23 97 58 73 8 95 71 18 29 85 92 29 29 0 43 7 57 41 84 56 
39 12 50 10 70 19 6 56 76 12 72 92 64 84 77 59 59 70 12 31 89 72 61 23 60 4 63 23 44 98 62 55 36 90 0 67 90 10 50 85 58 35 91 91 7 49 38 22 66 0 45 
41 89 1 92 11 53 18 57 25 81 67 70 9 94 18 42 18 83 2 45 6 18 88 14 85 10 55 31 44 72 50 95 51 93 96 9 55 98 48 78 36 3 19 69 55 62 56 62 52 19 82 
80 32 25 61 17 46 76 22 48 52 11 69 11 45 6 90 87 5 0 84 32 41 58 95 66 9 76 36 58 80 17 63 27 76 3 25 32 83 2 84 50 70 25 72 40 8 95 67 51 51 55 
41 9 71 43 83 65 11 15 22 44 75 62 53 25 60 75 72 91 63 98 3 45 69 99 43 13 75 52 35 8 55 86 27 83 42 97 62 96 58 44 43 6 47 57 16 50 61 59 94 18 35 
50 80 56 27 16 38 84 99 1 17 15 86 46 66 68 51 96 41 76 83 55 21 43 7 98 79 3 63 89 39 17 90 98 6 15 94 10 85 63 39 91 34 79 92 59 95 94 57 36 12 84 
81 8 86 50 97 85 62 20 54 66 32 32 0 80 50 95 71 95 24 92 87 81 34 1 85 45 72 47 49 74 2 58 23 39 41 81 37 51 99 12 86 90 35 35 34 82 96 4 39 44 72 
38 96 71 24 0 8 60 3 17 38 53 36 50 77 95 82 47 31 27 4 23 67 28 82 86 11 39 27 85 96 49 71 24 93 66 61 81 51 3 23 26 73 33 54 69 54 81 50 23 16 85 
13 14 28 9 40 25 8 7 40 67 3 65 75 60 63 33 68 76 33 95 4 40 40 67 79 6 28 61 87 47 3 57 72 21 71 1 1 84 48 95 19 73 44 54 71 69 13 60 26 32 93 
80 74 89 2 73 0 66 13 99 87 62 49 80 99 83 78 20 41 91 40 90 87 31 78 54 27 91 87 79 47 29 65 30 53 56 88 6 53 33 22 55 48 8 57 73 6 53 15 78 73 75 
95 64 61 47 15 46 36 82 82 15 7 48 83 88 46 13 48 71 9 34 99 36 60 57 20 97 27 66 44 90 63 78 49 82 52 71 78 98 76 22 65 95 69 49 84 24 7 55 14 42 21 
37 44 91 2 85 57 26 60 55 30 97 85 17 74 3 94 75 50 1 73 43 77 19 22 7 48 0 26 8 85 65 73 55 97 52 18 60 12 74 33 8 5 31 90 97 24 71 77 92 57 4 
34 44 49 4 41 30 15 61 66 35 65 79 36 72 62 87 13 58 62 68 12 35 73 4 22 20 80 90 81 89 9 71 67 83 98 88 35 59 65 58 67 28 59 57 79 79 11 51 69 71 98 
29 79 31 78 31 37 55 28 25 83 31 63 26 92 67 42 9 56 2 6 61 85 47 58 17 41 49 4 73 84 87 89 59 34 70 60 82 23 67 43 99 71 49 35 97 77 57 48 35 79 10 
26 72 17 88 51 74 0 1 40 61 29 34 46 20 42 84 83 27 77 14 2 12 5 20 53 43 58 15 74 24 34 40 13 76 61 43 64 20 97 48 65 47 76 88 97 88 91 2 30 91 33 
42 36 12 96 4 53 65 52 38 32 90 70 43 42 96 35 52 28 44 83 13 53 35 57 21 31 77 89 64 39 61 45 89 42 80 21 64 95 59 94 66 22 93 34 8 11 30 58 95 37 93 
0 5 58 52 36 49 87 9 79 13 8 15 4 29 63 15 35 77 67 49 7 75 77 87 0 71 50 92 54 72 11 35 25 11 90 43 94 12 18 87 10 65 14 83 42 32 79 45 16 14 17 
23 70 69 60 90 76 66 52 39 11 67 18 79 78 76 50 20 53 26 3 32 86 46 38 38 60 4 83 83 13 3 72 40 0 20 48 65 96 84 45 99 14 4 55 7 26 68 98 63 67 44 
38 50 6 93 30 28 16 59 38 48 33 29 90 33 86 77 68 20 74 27 2 36 41 7 58 13 45 81 78 67 63 0 60 83 31 4 79 68 20 67 45 96 30 44 85 54 89 90 37 72 34 
83 93 61 14 20 1 69 93 10 74 42 41 15 56 39 48 87 93 44 34 11 31 16 9 35 47 95 47 72 38 36 78 29 70 48 80 43 75 1 72 25 26 62 9 82 23 80 30 97 60 18 
8 55 60 14 73 47 82 7 90 84 59 52 8 53 3 23 3 45 25 59 23 74 69 15 16 59 80 80 49 43 31 91 41 50 45 44 3 99 95 99 61 72 65 72 40 34 75 10 7 64 5 
38 5 59 1 99 36 99 56 58 69 17 44 22 29 54 81 58 91 80 46 83 0 17 23 17 32 0 10 31 60 5 63 83 27 57 4 32 95 35 30 42 85 89 46 53 17 94 12 42 9 62 
51 47 87 40 34 86 86 20 47 68 98 69 53 60 65 94 96 40 88 89 30 69 41 54 16 42 59 34 43 54 24 20 90 31 35 59 45 7 82 30 28 10 78 26 38 11 42 42 99 64 55 
67 41 90 43 10 12 6 37 98 26 21 8 94 34 14 6 16 28 65 86 49 63 5 43 33 51 56 56 80 30 11 0 95 38 37 93 49 24 53 6 34 64 0 91 17 69 21 26 1 40 43 
68 42 45 89 49 67 58 45 72 81 13 52 43 7 5 91 32 0 73 50 74 1 85 33 3 0 30 92 6 44 96 85 68 92 38 81 12 86 83 68 17 44 44 70 41 29 91 39 99 99 31 
71 65 25 22 34 60 56 36 7 34 56 21 60 11 36 14 43 20 92 72 88 33 86 7 74 76 3 95 5 43 81 10 66 35 93 70 27 4 49 1 29 14 32 30 54 17 65 77 25 5 3 
28 46 68 94 22 80 26 12 50 21 12 58 90 72 5 69 9 74 61 86 79 59 23 14 11 81 78 84 71 3 28 17 88 40 12 49 1 88 98 43 79 12 85 59 3 56 25 34 84 53 75 
12 79 5 11 57 61 96 1 32 36 59 92 0 58 76 39 78 40 53 28 58 95 12 79 88 21 40 9 54 58 55 12 66 89 55 88 60 15 80 91 6 40 19 56 26 58 94 1 50 58 68 
69 92 25 20 74 24 87 90 64 86 92 16 58 0 53 33 89 97 66 56 47 18 6 65 30 2 3 96 84 69 85 93 75 21 89 69 17 80 55 63 70 38 65 49 25 76 47 34 18 59 5 
36 87 79 36 3 6 31 17 44 66 2 31 20 92 1 92 81 41 39 79 15 75 74 89 85 87 43 83 15 91 10 80 72 96 33 52 21 90 71 21 9 35 1 21 68 26 23 65 51 94 70 
45 6 68 94 25 80 10 68 97 60 44 94 28 49 1 69 48 53 27 65 46 19 56 35 7 43 75 41 96 11 7 56 67 67 83 35 17 75 34 52 12 29 98 95 80 54 60 15 62 57 42 
89 40 15 97 76 29 83 50 74 74 10 77 6 26 23 86 43 95 65 89 70 54 9 75 24 53 95 98 82 7 26 54 62 36 72 62 19 31 65 91 22 47 39 48 31 10 26 72 43 49 90 
8 8 9 94 37 91 30 21 90 74 67 60 55 66 65 62 78 68 53 12 31 13 38 74 7 16 3 28 13 16 7 10 34 6 18 54 23 7 60 11 85 65 2 51 85 36 28 70 86 25 83 
90 4 3 75 99 51 20 41 36 9 56 92 74 21 13 54 37 45 68 82 69 59 16 20 54 8 56 28 94 94 15 57 13 12 16 22 63 8 12 92 4 40 8 92 13 14 72 59 73 55 78 
68 7 20 81 69 6 17 82 98 65 29 60 26 54 62 40 88 53 17 68 12 90 75 45 44 27 57 0 54 44 50 50 95 70 15 4 80 83 26 70 77 76 44 44 8 33 78 55 25 61 83 
39 76 15 25 33 83 96 45 85 87 64 56 90 82 45 40 84 79 65 13 72 13 65 38 66 49 41 88 17 96 16 30 17 54 78 13 26 66 37 67 62 6 31 63 71 65 68 85 58 20 67 
1 84 99 74 29 87 7 80 28 82 61 97 65 39 76 93 77 34 51 85 10 27 71 25 58 77 17 23 52 74 17 55 66 38 66 26 18 27 48 76 63 79 16 88 77 93 4 98 96 19 13 
16 71 81 37 88 85 92 73 19 98 2 96 7 4 74 39 46 48 88 29 74 83 18 34 37 17 82 24 10 47 68 42 55 54 88 42 46 60 64 54 75 90 89 18 20 79 48 88 56 57 89 
38 57 34 20 35 17 10 27 1 65 84 40 46 57 67 35 44 68 76 18 31 88 13 77 11 13 48 92 44 55 54 80 51 87 87 53 50 99 72 11 71 58 17 97 37 94 61 59 77 62 47 
12 93 84 19 90 99 60 62 6 5 63 50 97 68 22 66 58 51 7 39 3 62 62 25 46 20 51 57 3 3 56 79 87 59 73 27 69 26 91 56 87 7 85 70 77 61 63 71 69 51 66 
10 38 78 34 39 38 7 26 22 64 79 73 82 44 41 94 26 82 60 63 84 49 42 0 62 40 1 66 87 39 37 47 50 81 75 79 33 51 80 9 37 97 85 38 14 33 8 36 24 92 93 
44 1 41 39 20 18 81 46 91 0 5 57 78 58 67 96 92 47 44 58 92 6 31 41 71 99 15 83 17 48 19 24 69 56 35 90 33 33 4 50 21 56 37 20 99 91 57 47 20 71 97 
78 13 4 37 51 32 91 75 59 91 99 44 83 28 15 80 82 44 51 87 47 97 62 13 89 23 57 22 90 66 99 17 50 46 32 44 47 33 67 79 95 62 36 99 92 91 40 58 39 8 90 
51 99 3 38 95 21 53 63 3 63 75 53 86 78 10 6 16 85 97 12 61 71 64 93 23 13 87 86 79 13 89 28 18 15 43 20 53 23 93 83 88 84 39 39 11 81 74 78 88 57 69 
13 59 88 11 60 41 40 83 8 61 25 60 2 52 47 72 44 81 60 83 26 64 66 57 88 84 15 84 31 96 2 33 70 51 9 58 41 92 26 33 97 93 27 16 59 12 35 40 95 9 83 
60 83 59 73 91 4 33 68 2 77 25 38 1 11 60 59 82 41 69 99 99 54 68 38 77 12 27 7 1 31 64 12 43 16 70 41 47 24 30 17 88 38 95 79 60 72 61 65 81 24 27 
