46
39 88 79 13 84 28 70 1 84 24 34 86 32 74 83 69 86 16 78 5 2 97 47 19 85 5 91 33 44 96 46 63 3 75 61 85 66 76 10 8 29 44 40 88 96 78 
71 50 69 74 21 56 74 27 7 6 72 43 99 8 11 89 98 54 85 73 39 59 41 65 90 71 52 80 96 20 98 37 68 40 43 5 23 78 30 28 13 82 56 26 12 75 
94 63 46 8 96 6 94 90 66 76 36 78 13 59 26 90 91 98 8 67 29 52 52 59 14 33 39 73 40 27 40 2 14 0 59 5 94 30 50 74 37 64 35 12 45 67 
70 51 56 89 62 63 26 85 12 83 21 81 77 64 9 62 48 53 0 43 59 64 56 13 82 92 99 93 32 3 56 94 19 38 55 83 26 31 27 3 86 79 93 41 85 62 
70 3 40 4 2 49 52 82 60 90 76 14 62 0 10 56 17 18 82 31 26 71 45 28 36 29 60 37 9 52 5 13 84 38 23 80 6 32 50 75 78 35 82 30 87 88 
25 78 57 49 71 94 95 98 6 65 84 29 68 7 37 50 88 62 71 42 62 19 2 7 83 22 73 46 53 87 87 2 41 7 19 80 14 63 92 67 61 11 79 45 26 28 
61 80 15 4 46 1 18 83 4 39 53 60 22 24 45 40 36 25 54 55 0 91 90 86 59 87 79 62 38 66 52 72 61 49 52 28 41 2 32 99 54 79 31 60 84 1 
29 84 0 69 13 8 39 82 5 12 18 48 79 21 72 76 52 83 77 38 93 6 1 12 83 19 6 0 94 92 96 49 98 68 21 79 49 8 89 61 13 59 55 97 41 93 
14 67 55 81 93 78 78 69 58 92 54 91 79 37 92 37 5 20 8 69 37 22 39 76 1 72 42 53 36 68 85 42 60 83 65 50 13 94 97 42 39 91 64 87 16 75 
79 46 0 46 15 84 82 59 17 19 16 27 30 89 32 93 96 48 85 48 58 43 89 68 44 97 4 63 6 36 15 16 59 69 4 47 67 75 38 41 53 90 89 14 88 55 
75 56 69 46 42 58 93 35 9 19 34 29 63 85 52 73 91 31 94 95 34 7 71 12 75 36 95 69 21 72 91 51 76 10 68 64 62 56 80 26 21 40 20 43 17 93 
77 89 20 65 86 36 18 21 76 74 15 37 81 91 12 99 40 46 21 58 93 24 14 84 45 52 81 69 32 71 0 47 83 98 25 28 14 71 19 91 30 81 57 43 1 21 
80 45 54 78 77 97 97 0 41 96 17 97 77 10 20 84 12 99 44 52 88 64 98 25 81 39 93 38 20 27 42 54 4 23 87 25 84 62 3 8 24 78 47 50 78 78 
7 11 24 16 57 25 92 16 75 53 25 95 36 75 2 24 84 8 10 45 61 90 46 86 31 86 14 8 25 25 18 65 46 79 37 12 73 6 9 8 84 36 63 33 53 90 
90 15 96 69 71 15 89 57 18 84 70 92 40 71 49 28 94 60 0 14 79 34 62 88 3 97 69 50 18 86 26 58 8 11 33 5 14 5 63 74 46 16 11 70 41 27 
48 30 7 50 17 22 80 5 22 30 34 50 19 62 62 58 39 51 48 52 23 25 7 43 19 6 73 43 30 73 74 28 85 35 55 23 25 79 27 86 74 72 74 47 33 6 
64 9 34 45 49 99 3 97 59 69 76 55 95 24 19 49 86 90 26 63 39 56 29 50 2 34 86 6 87 53 91 15 36 7 54 0 13 91 96 73 74 19 8 55 40 24 
91 38 26 53 57 22 4 1 76 55 49 7 6 16 57 59 13 60 57 31 38 8 3 44 54 12 59 72 77 89 72 98 1 35 14 13 27 41 44 96 18 30 61 54 1 59 
72 58 4 23 8 3 55 50 35 67 81 31 91 74 59 17 68 10 9 1 41 85 72 2 61 47 51 82 18 91 72 25 84 33 43 85 92 70 40 77 69 24 50 26 21 15 
28 3 94 89 80 12 99 79 60 35 1 14 92 36 27 86 71 92 53 69 62 45 14 7 7 88 73 41 88 80 30 97 82 23 91 30 25 43 69 21 42 91 34 80 40 71 
24 62 78 43 75 45 73 16 65 32 30 6 83 96 31 62 53 10 18 29 87 98 16 79 3 33 63 94 46 21 20 9 22 97 56 94 34 89 65 86 62 79 94 76 7 85 
51 87 39 27 72 66 74 68 93 83 0 49 59 80 11 6 66 31 73 34 51 33 55 18 25 10 25 49 55 63 9 47 65 24 40 24 92 65 52 96 85 33 53 50 90 50 
83 2 32 12 24 48 17 56 72 35 14 29 77 6 41 4 46 58 44 73 67 69 17 58 62 31 11 50 53 36 60 59 36 2 97 66 40 29 99 84 86 60 6 7 46 50 
43 13 20 67 20 29 16 22 17 69 62 0 63 77 45 59 40 70 57 69 42 14 72 51 76 7 66 90 19 43 41 97 7 28 4 81 94 26 52 67 10 6 97 40 74 20 
28 95 23 13 78 43 21 79 85 27 26 23 10 13 20 62 18 75 55 88 22 73 81 53 75 59 5 61 84 66 43 96 3 80 53 39 82 77 20 26 42 89 91 47 15 55 
42 28 28 32 23 5 46 18 65 73 28 36 21 87 97 15 66 60 77 37 78 72 87 18 31 47 36 61 16 75 58 59 68 80 71 55 29 39 9 16 90 92 15 60 36 91 
66 34 71 25 99 68 65 81 8 75 88 98 86 99 45 8 73 70 30 95 52 22 71 87 81 32 53 83 81 65 96 1 93 43 55 3 76 71 55 80 85 43 17 54 29 83 
73 20 62 2 36 73 55 23 10 35 11 73 45 33 70 41 14 57 36 55 65 54 93 36 88 67 58 94 73 87 29 69 82 17 75 83 30 97 83 52 98 37 32 48 90 15 
89 73 93 71 33 45 49 9 78 77 28 65 99 37 29 23 21 41 18 69 94 3 65 20 45 59 83 44 74 36 21 97 43 57 15 3 10 97 4 77 73 71 43 18 28 3 
19 84 33 38 34 34 29 65 44 73 72 9 48 56 59 73 17 82 47 85 10 22 5 4 68 5 1 82 96 46 64 21 1 91 94 14 13 99 10 74 72 2 25 18 99 93 
37 68 30 27 42 53 11 66 12 65 79 58 24 74 96 85 41 90 23 47 68 27 33 85 60 36 72 65 87 38 78 20 54 44 12 88 83 73 58 9 54 73 29 44 11 19 
39 60 55 6 87 17 6 66 48 54 46 95 32 82 39 65 97 95 76 26 28 56 51 81 7 46 10 23 20 22 45 13 29 69 84 46 63 5 0 63 47 23 74 65 44 78 
20 59 2 80 81 73 37 12 17 88 41 65 30 24 34 53 86 52 81 66 97 29 2 18 59 66 10 97 51 85 80 21 87 71 71 66 16 38 99 76 42 80 25 22 61 83 
47 85 83 32 5 42 78 52 17 77 47 31 32 43 40 72 29 75 44 43 82 21 56 55 95 67 86 43 67 6 90 72 41 69 72 32 23 29 27 18 82 65 31 54 11 1 
3 88 82 79 62 17 92 33 51 55 28 22 20 19 71 51 75 56 42 22 92 74 7 75 92 56 71 84 80 75 45 15 67 41 8 62 41 55 0 46 8 7 94 65 88 70 
9 3 15 62 25 20 76 48 23 53 29 37 19 36 69 34 95 13 72 30 85 3 58 27 61 81 22 50 21 27 3 5 56 69 82 26 18 26 75 75 29 45 91 29 95 57 
99 75 8 68 62 7 95 55 93 6 22 5 31 89 34 93 33 8 77 69 32 1 14 21 86 43 67 49 20 93 30 93 41 77 10 31 5 17 34 10 41 93 4 25 70 38 
96 23 41 39 64 95 69 15 68 45 73 8 87 84 13 64 44 70 28 21 51 9 37 99 88 4 26 18 51 47 75 72 51 12 8 58 13 96 9 91 32 49 98 46 9 30 
15 94 13 52 12 84 64 28 58 21 39 44 33 18 54 94 90 20 79 73 41 9 67 26 76 33 54 70 88 97 95 7 16 12 50 60 7 20 57 75 40 36 14 14 34 0 
51 91 14 89 73 5 0 88 91 75 62 73 15 52 65 69 75 63 25 89 2 46 12 14 74 67 79 7 65 92 0 90 24 72 97 8 28 46 39 70 17 10 7 72 86 94 
45 42 90 3 59 50 45 10 57 38 74 74 35 7 9 56 96 43 90 87 34 12 84 45 99 61 25 51 11 82 75 45 37 63 32 38 64 54 95 63 94 68 26 50 92 43 
37 55 17 94 97 2 65 45 94 77 3 59 27 54 50 74 39 80 85 58 89 67 74 98 85 26 0 40 42 73 10 48 89 64 12 17 88 67 98 0 65 76 32 62 2 71 
72 28 37 61 96 77 4 88 15 89 86 30 75 46 62 97 9 53 86 48 80 94 41 61 73 76 69 67 45 56 91 38 61 12 45 89 98 18 86 24 37 59 51 48 54 2 
66 5 85 26 94 67 66 43 74 88 70 85 31 5 44 58 18 20 30 11 75 3 65 7 31 92 59 93 10 88 70 55 21 81 3 92 40 92 98 82 20 93 58 16 81 64 
33 12 43 96 65 25 44 81 62 29 39 90 52 66 37 6 22 71 28 82 85 6 49 60 31 20 18 94 19 97 89 49 65 2 29 38 59 49 39 80 67 20 2 68 10 95 
55 37 51 96 91 26 76 84 94 35 69 45 78 89 34 62 63 91 83 96 1 46 9 15 4 60 28 40 87 16 56 83 81 98 12 15 89 31 85 63 72 64 89 57 62 49 
