26
25 79 54 17 99 50 22 70 72 47 69 3 62 2 73 99 60 77 65 25 93 57 51 97 47 99 
11 4 44 17 94 89 79 16 33 72 31 91 27 93 80 86 38 31 79 89 98 71 20 19 39 37 
33 99 12 41 66 50 34 35 24 95 20 77 51 37 10 2 14 55 65 68 95 30 85 34 71 63 
18 0 45 75 84 13 45 49 89 60 99 20 74 55 30 19 87 0 17 38 49 65 53 41 90 68 
90 27 11 0 48 41 9 67 63 2 50 77 54 4 79 18 45 77 83 92 82 92 3 72 50 10 
54 50 70 89 61 96 72 81 71 53 89 70 55 24 84 18 19 89 41 55 65 98 41 17 4 98 
29 82 48 71 54 15 28 82 83 0 14 70 2 75 75 61 46 3 0 3 91 32 87 77 96 51 
23 61 94 23 19 73 29 82 35 66 72 99 28 24 46 10 14 55 68 7 1 1 91 3 25 7 
86 3 44 10 49 47 37 79 36 36 78 34 35 19 35 52 64 59 74 76 9 89 72 26 92 71 
70 68 60 66 17 8 85 73 24 38 30 11 80 43 85 57 70 20 56 30 76 94 8 95 98 82 
58 3 12 61 25 0 22 65 72 49 21 16 89 37 56 47 29 60 10 62 2 28 51 43 18 66 
19 60 49 16 60 15 63 8 47 41 81 87 88 46 65 23 16 21 25 50 4 12 12 25 42 51 
93 14 0 27 7 39 91 81 46 92 95 69 66 87 96 69 80 42 98 14 14 93 54 48 34 58 
80 61 45 83 57 40 30 71 42 92 57 82 60 6 44 80 36 94 61 32 67 30 95 58 10 30 
83 82 91 80 72 19 15 2 35 49 29 55 77 39 77 54 22 94 18 63 62 31 55 32 18 88 
88 40 26 75 21 60 88 78 99 54 46 46 99 59 61 23 49 20 32 2 97 10 88 20 90 23 
62 3 31 41 71 6 92 82 48 40 71 86 58 6 19 70 41 48 22 65 89 78 37 8 78 52 
66 7 33 3 19 83 96 99 54 29 23 11 49 85 38 31 63 59 95 61 34 23 12 31 96 3 
62 85 10 75 49 73 55 60 59 63 17 31 29 78 34 6 70 25 66 69 67 19 78 71 92 8 
5 42 63 60 67 77 35 65 46 57 89 80 69 7 84 69 41 94 16 82 8 73 63 7 72 5 
72 83 12 58 1 50 2 23 8 71 65 79 34 49 72 13 15 95 24 44 3 17 90 21 10 33 
4 79 4 43 29 90 44 85 49 28 42 63 59 37 44 95 36 65 50 34 33 68 30 96 4 69 
3 61 76 80 71 48 89 71 8 57 16 20 56 35 13 17 91 44 84 9 46 42 69 39 15 78 
11 53 3 24 80 95 14 59 67 6 10 79 93 64 99 77 49 46 43 18 3 78 85 81 19 66 
35 31 63 49 17 8 45 97 78 72 58 83 43 3 48 24 35 23 50 36 49 64 81 17 74 7 
12 86 50 32 30 46 26 41 73 52 40 69 19 68 6 94 24 16 54 72 10 86 27 86 77 83 
