32
2 21 3 2 51 52 23 6 67 70 72 33 46 47 87 76 41 9 72 57 51 76 86 24 97 29 5 25 30 81 38 58 
96 49 56 26 89 4 36 2 90 81 26 47 53 55 63 24 40 12 56 16 6 86 1 25 54 53 75 18 31 58 52 46 
85 96 27 62 78 33 9 60 1 64 80 91 33 86 31 92 32 3 24 39 86 71 40 70 97 11 2 34 62 75 63 80 
37 1 25 75 75 43 88 58 36 97 73 84 70 63 11 85 33 79 68 71 72 84 60 37 97 74 29 49 88 76 59 89 
0 64 21 21 43 47 22 47 64 34 49 35 90 97 18 10 23 39 77 55 56 19 85 69 44 2 99 1 81 13 42 11 
10 18 11 27 35 86 6 95 15 35 12 0 32 85 9 67 94 11 45 37 25 57 7 94 13 64 21 15 72 29 7 47 
71 38 56 14 87 87 2 30 90 7 99 66 10 12 96 36 82 96 82 62 16 29 25 49 72 3 17 62 98 2 57 14 
7 85 58 50 86 37 40 88 38 74 5 90 28 56 62 37 31 22 76 25 20 57 88 60 85 63 82 92 94 63 33 35 
78 86 59 34 72 76 61 18 61 1 74 27 23 70 69 78 33 91 17 75 14 32 16 5 96 69 60 46 73 83 31 94 
20 93 15 87 6 84 33 66 5 39 46 11 83 90 39 88 68 37 43 64 89 81 29 86 49 9 20 16 6 36 30 11 
65 91 4 49 4 32 40 10 60 45 18 51 83 92 81 34 4 52 10 39 94 34 10 45 12 61 1 5 30 16 60 86 
61 75 64 99 13 61 29 85 68 50 53 10 87 99 63 12 57 7 4 1 92 49 77 89 73 0 3 2 16 96 79 80 
36 82 46 30 93 88 57 15 7 66 15 98 36 61 0 42 47 62 95 90 80 76 24 26 92 75 67 58 61 32 92 39 
11 79 19 81 33 83 92 65 67 90 5 60 50 89 53 76 39 34 38 45 65 1 84 77 25 80 59 62 96 8 86 29 
96 70 21 97 89 87 34 13 83 89 98 27 36 22 7 6 3 62 5 39 52 25 8 80 4 78 5 42 10 36 39 89 
60 20 78 30 44 36 27 57 14 35 58 41 47 98 27 37 76 59 17 36 97 56 22 93 89 38 49 94 83 92 5 15 
8 8 62 24 91 70 86 95 82 89 54 75 98 31 20 19 95 76 1 75 15 2 36 79 81 19 45 85 58 44 33 15 
38 35 3 38 37 81 24 93 2 99 72 60 86 86 68 90 54 53 65 25 58 91 91 74 98 6 19 67 55 84 43 18 
71 96 23 5 91 57 53 62 78 24 14 38 70 83 57 61 26 79 37 22 39 90 7 26 65 70 90 78 27 99 54 82 
88 8 97 36 68 34 13 31 25 76 84 18 43 78 49 44 28 37 10 13 42 61 15 71 78 87 19 56 10 95 52 45 
55 61 81 40 61 47 79 30 89 11 40 75 28 87 76 47 98 55 19 3 62 50 1 62 62 78 96 70 55 42 71 30 
50 98 0 61 1 30 20 24 53 18 64 86 6 34 36 67 46 2 20 96 32 15 15 25 11 30 75 39 23 49 16 25 
87 0 73 22 29 77 64 2 69 33 27 23 73 75 71 55 78 90 98 83 47 98 10 18 43 84 48 72 53 5 91 38 
72 41 0 29 97 33 59 99 73 11 26 61 76 21 82 22 28 2 24 89 8 85 37 16 0 79 73 49 82 72 19 29 
23 33 14 47 84 10 13 59 9 84 19 69 35 38 85 38 90 46 46 10 18 46 74 99 35 87 56 73 9 39 73 43 
22 3 53 71 6 33 61 54 1 60 40 59 35 60 52 38 66 38 28 53 42 22 51 67 53 73 68 65 43 42 1 39 
67 63 32 31 24 8 20 0 89 8 93 46 8 69 34 90 67 39 27 27 87 1 25 64 56 89 62 73 43 5 55 68 
20 6 64 32 50 16 78 90 93 52 32 47 33 19 41 79 20 37 58 31 78 23 48 67 82 29 36 76 74 59 59 96 
48 51 47 89 47 84 43 6 57 79 91 78 78 31 35 31 55 83 1 43 62 39 12 35 14 47 60 15 11 70 92 22 
70 3 35 35 92 42 54 10 25 65 17 74 20 29 29 28 51 65 5 4 56 35 16 44 55 11 66 2 39 32 20 95 
76 17 31 82 20 77 5 61 21 35 30 40 31 5 62 89 51 96 69 13 63 26 57 2 19 80 72 52 41 11 9 13 
25 37 72 53 79 0 50 63 41 52 19 56 66 15 75 46 85 71 85 52 12 51 19 17 73 74 24 74 26 9 67 54 
