50
79 9 44 9 21 57 42 59 39 90 83 52 29 49 24 1 0 38 88 51 63 35 57 95 7 66 90 82 68 74 14 34 32 30 72 21 95 84 94 27 77 38 41 80 63 60 39 87 76 50 
8 78 16 83 55 91 80 27 85 60 81 89 24 71 8 98 41 52 59 11 72 65 29 33 82 1 32 56 9 28 60 93 80 91 9 9 89 95 98 64 12 57 12 91 79 10 13 98 28 76 
42 77 72 41 21 34 52 86 97 68 6 85 92 56 71 62 43 29 68 64 48 42 7 32 0 27 38 13 29 56 8 19 87 48 5 67 0 90 77 96 82 30 61 13 4 30 29 18 49 91 
93 29 76 32 95 10 82 63 83 6 3 4 65 37 35 66 44 3 61 92 60 31 82 93 95 36 44 4 86 20 71 7 91 1 85 51 35 95 70 18 92 88 10 93 4 92 18 73 85 82 
42 20 10 63 6 24 24 90 20 73 59 84 51 89 84 38 59 22 47 22 67 19 50 55 40 71 56 30 87 51 84 2 26 23 50 71 81 97 44 99 77 73 79 49 30 93 89 56 37 69 
91 44 77 68 65 96 28 7 17 79 46 34 77 97 33 72 32 59 48 22 19 19 49 17 2 80 91 51 14 61 53 17 16 8 29 67 56 41 13 28 11 93 56 36 15 18 27 19 76 93 
14 88 68 27 33 12 21 24 15 11 91 46 70 77 25 47 15 73 28 36 13 38 79 50 61 6 83 49 24 73 79 98 92 60 64 62 97 31 34 55 41 56 44 88 32 50 62 61 42 38 
81 20 99 82 20 2 16 96 37 34 4 74 60 81 97 56 87 72 66 13 79 3 71 23 36 42 23 3 52 97 30 42 23 88 3 63 26 10 57 98 81 77 67 93 27 44 86 9 33 17 
70 71 24 44 53 37 84 68 35 73 17 45 53 21 78 47 21 6 85 34 70 59 34 19 21 22 80 24 58 39 34 57 91 20 11 75 88 28 16 50 88 30 7 2 88 67 77 46 48 2 
94 78 20 57 29 27 34 53 92 93 34 65 81 28 11 68 34 72 23 53 7 36 62 89 42 23 45 80 57 74 66 20 52 57 33 51 22 64 66 87 2 10 2 41 99 67 67 80 85 7 
19 60 31 18 89 63 69 86 92 60 94 72 98 7 88 36 53 44 33 20 17 28 58 4 1 10 88 0 4 55 6 47 4 81 6 45 5 15 47 80 84 22 28 55 76 11 76 70 92 86 
22 31 87 63 33 51 11 87 16 33 24 69 59 61 53 12 25 68 46 62 31 36 30 68 99 54 32 89 70 9 40 15 16 91 20 28 6 62 33 26 62 29 49 87 39 96 90 65 80 23 
20 78 86 55 46 84 54 67 86 92 61 31 96 52 92 21 12 67 37 58 75 1 31 8 25 33 18 18 45 68 10 46 76 86 54 89 26 31 10 38 66 76 2 16 6 81 6 78 91 61 
10 70 28 25 3 86 86 41 33 32 3 28 16 69 84 3 50 9 33 25 19 85 85 94 12 5 34 30 22 53 62 2 14 39 61 82 18 28 7 70 35 17 74 99 22 0 21 92 10 0 
93 59 53 6 69 74 47 18 41 3 95 34 27 5 92 93 33 48 31 80 83 61 56 63 54 55 60 48 23 38 27 26 94 47 63 35 31 3 95 74 26 88 94 45 39 94 80 60 33 27 
64 44 76 56 76 51 2 25 74 55 87 56 12 54 17 25 2 38 27 33 93 83 2 29 95 98 43 38 55 83 48 71 75 11 1 87 60 88 63 78 19 51 75 58 81 45 54 43 22 94 
97 16 15 18 13 82 50 73 73 12 87 99 95 68 17 81 26 12 39 99 48 76 37 51 45 5 86 11 48 20 83 15 54 5 84 22 2 70 71 75 94 92 51 27 37 18 77 62 54 62 
21 20 78 24 94 23 71 28 84 55 55 64 89 61 52 16 5 85 61 31 69 87 35 95 68 84 19 68 93 91 47 86 91 71 20 82 18 8 38 12 62 86 92 14 83 1 16 28 16 20 
32 7 73 32 22 48 36 74 68 44 59 34 92 98 84 75 35 34 75 44 27 24 21 44 23 36 22 41 75 53 24 54 40 87 23 28 49 44 78 41 33 36 0 21 29 2 68 28 27 63 
19 29 16 92 39 76 31 36 18 19 71 43 89 52 35 44 43 67 54 74 26 40 42 30 96 99 38 60 23 4 47 87 43 85 55 73 42 59 77 35 87 30 77 31 68 34 57 92 29 27 
87 19 20 43 18 52 18 8 51 71 50 57 19 93 79 98 15 82 41 16 96 13 36 78 82 77 79 95 53 32 24 53 22 41 65 56 53 43 64 12 52 52 64 63 84 92 43 59 75 0 
93 45 21 54 94 87 32 76 49 96 44 8 61 2 9 55 20 33 64 7 4 15 93 13 77 60 90 65 70 8 57 58 8 79 7 26 49 46 53 68 71 49 65 15 88 5 39 83 13 19 
7 44 35 98 38 70 14 26 0 85 50 2 59 36 48 21 27 45 5 37 20 98 35 1 25 11 0 22 31 93 57 49 93 98 89 95 3 46 54 53 38 74 17 71 67 91 77 49 21 27 
10 66 44 81 48 93 72 67 27 97 87 93 95 48 95 32 45 36 84 73 69 15 18 45 19 57 52 2 17 96 3 48 51 64 87 21 94 57 89 54 63 90 78 20 79 20 4 92 56 20 
1 76 43 30 81 66 46 39 46 94 50 62 96 7 25 7 71 3 53 80 4 2 53 86 80 9 42 12 88 77 74 67 42 6 69 54 97 69 48 77 8 34 95 30 58 70 16 47 70 90 
62 15 14 61 21 71 48 13 58 25 5 2 79 53 7 59 38 41 14 90 7 23 12 42 48 89 25 51 52 0 95 39 12 54 74 56 6 79 12 83 33 63 92 80 83 7 97 44 62 17 
51 68 76 25 81 39 90 50 30 44 28 23 69 61 16 8 17 88 6 57 27 12 71 5 88 28 61 7 66 80 34 26 29 21 30 0 91 52 4 58 61 27 90 18 46 36 52 34 75 19 
43 13 57 87 14 40 62 96 18 75 71 0 56 50 16 55 80 62 26 6 66 61 41 17 12 99 5 81 14 72 23 30 14 71 78 96 32 4 41 93 94 42 16 31 26 74 58 96 81 9 
38 28 97 71 27 10 51 77 94 84 57 97 46 81 62 3 42 12 52 84 31 7 29 36 62 34 48 57 2 22 98 72 79 31 84 31 94 2 18 44 17 19 42 10 15 11 77 46 81 18 
59 45 40 74 39 1 71 60 64 29 22 54 35 15 13 13 11 81 70 61 75 1 46 88 72 46 95 46 65 55 59 51 88 51 53 18 91 1 29 33 48 43 2 9 59 63 28 45 66 15 
45 75 40 70 37 55 31 82 89 73 91 69 56 10 75 5 41 62 98 85 30 34 60 19 83 97 64 2 60 8 98 47 56 7 74 97 30 35 67 10 46 51 63 70 76 71 60 56 53 72 
48 47 56 10 94 68 1 95 24 85 13 25 18 78 90 59 68 48 29 44 29 2 89 74 68 30 67 3 40 67 49 62 16 53 25 5 20 91 35 7 84 53 11 53 18 43 36 9 28 41 
86 39 32 37 91 8 8 3 69 65 33 79 52 2 64 46 59 96 89 23 65 48 32 45 78 2 18 39 5 3 44 23 17 79 92 44 63 62 33 30 75 42 41 64 79 26 50 82 0 7 
41 69 76 80 63 57 7 71 19 70 59 15 53 82 62 81 49 78 98 48 80 80 15 9 4 14 85 79 95 50 74 68 97 53 28 46 35 49 48 77 68 71 2 74 19 99 65 80 32 25 
43 2 8 24 70 90 41 64 50 86 67 92 55 85 12 67 16 25 2 34 58 71 54 51 31 96 18 48 82 88 24 46 91 32 87 30 36 86 0 3 56 97 5 94 93 18 2 14 49 39 
52 98 97 18 47 18 1 29 53 79 81 78 81 32 26 22 79 38 86 16 49 74 80 9 55 18 79 26 71 3 30 66 59 55 90 65 37 71 97 29 86 31 74 93 88 73 99 76 33 40 
22 13 48 67 73 21 67 26 24 97 88 69 32 55 94 96 51 56 91 71 67 72 39 20 6 34 68 18 14 58 61 44 25 76 90 71 44 99 98 77 74 16 96 53 94 14 8 45 97 52 
82 86 74 6 60 14 55 84 85 54 92 83 87 99 8 94 22 57 36 30 11 16 52 26 11 15 57 87 26 82 45 92 28 59 94 98 19 57 58 51 0 74 81 85 26 56 93 22 53 63 
55 41 48 13 22 32 42 94 64 50 91 75 45 9 95 99 97 2 6 30 35 0 15 74 60 98 27 82 14 20 25 74 97 18 87 9 28 1 8 11 16 15 33 60 39 30 27 50 16 36 
58 35 43 54 24 37 86 79 6 15 85 53 32 49 83 63 37 69 70 37 89 18 77 26 50 42 5 95 74 83 97 90 11 66 80 42 99 76 82 13 91 19 96 0 50 29 16 62 2 76 
47 77 49 27 30 82 99 0 45 1 58 67 36 62 9 50 20 43 82 39 64 26 49 80 61 17 1 70 21 61 25 34 85 92 65 57 59 57 0 42 85 19 30 45 60 97 87 51 89 53 
27 65 22 91 38 59 66 85 55 40 6 65 44 27 75 63 64 96 5 29 97 44 31 26 19 67 42 63 23 1 85 89 33 48 21 20 36 25 6 75 39 22 86 86 29 75 61 77 22 78 
8 60 46 14 86 73 16 67 81 0 59 28 34 6 68 97 76 56 79 53 16 24 45 80 1 80 53 43 87 71 76 89 23 0 98 40 17 16 17 81 62 80 92 69 26 65 53 23 89 21 
61 55 18 23 10 44 88 47 95 57 37 23 29 77 22 74 66 91 54 24 22 86 1 35 29 71 11 53 39 60 92 38 8 7 67 61 65 88 39 35 25 15 76 80 45 44 26 2 78 70 
52 56 71 14 20 96 71 42 63 66 74 48 94 54 34 33 6 37 26 52 25 71 17 12 46 67 20 92 7 8 69 28 19 65 77 81 78 41 7 82 53 37 79 88 90 27 13 78 57 15 
57 42 99 85 92 0 72 18 87 9 80 88 65 99 90 30 79 10 5 57 71 59 36 65 5 16 1 79 33 72 51 24 59 60 72 27 14 72 50 9 17 89 26 50 96 23 23 39 70 10 
13 31 91 25 10 67 56 28 63 15 28 5 20 63 39 46 57 11 67 30 60 63 38 58 36 42 7 42 37 81 28 36 51 80 81 21 78 10 48 67 51 68 24 84 20 32 14 82 97 67 
34 67 11 80 3 36 91 91 45 5 72 67 75 25 87 65 71 65 31 63 10 58 65 60 74 89 59 24 82 86 53 44 36 96 97 25 38 48 66 23 0 29 52 18 91 61 84 0 90 3 
7 49 49 9 22 48 98 88 60 43 25 66 80 70 13 36 55 81 17 18 78 48 62 57 1 89 50 48 7 46 38 14 29 96 89 43 90 52 32 33 37 36 2 32 67 41 37 91 30 28 
36 14 99 96 88 49 75 41 70 21 75 3 51 42 49 9 35 33 4 51 7 5 41 39 50 54 2 57 95 49 72 31 5 39 0 69 34 13 94 69 86 89 80 14 60 91 27 63 53 27 
