66
43 32 88 84 79 73 18 68 51 48 1 12 95 31 91 1 47 36 43 98 92 52 85 28 76 74 47 44 34 63 25 20 33 76 65 33 64 44 21 21 68 27 99 5 11 95 52 17 20 19 82 55 69 14 3 98 24 31 30 13 39 83 57 20 22 3 
62 51 70 61 68 62 49 2 1 97 29 50 21 46 40 16 18 88 52 88 95 90 19 6 20 21 54 77 80 79 20 98 82 27 96 0 82 95 7 54 36 96 0 36 22 80 1 94 31 60 82 41 13 73 22 40 84 59 22 4 93 46 18 24 61 81 
7 93 72 44 11 98 46 41 8 16 13 43 68 57 62 8 39 75 16 14 11 48 59 89 57 27 82 55 20 10 92 76 86 64 29 29 71 15 37 57 39 64 36 64 5 30 49 84 94 60 53 20 92 66 35 96 79 72 33 75 66 15 90 65 34 33 
43 6 57 36 53 64 50 70 40 53 25 8 90 79 12 85 12 29 11 47 6 47 41 1 71 59 20 95 43 48 75 20 88 12 87 69 0 21 27 64 89 24 42 52 21 42 84 47 45 13 54 66 72 47 94 72 84 94 53 3 39 49 20 8 5 14 
15 95 32 93 74 44 63 88 58 41 12 57 58 36 63 34 43 47 79 88 23 7 11 96 75 38 35 59 89 71 58 80 31 25 80 43 82 71 49 5 95 75 61 71 68 53 76 89 32 91 45 30 56 63 46 29 77 21 58 46 23 95 55 50 17 44 
77 41 48 37 89 15 3 99 63 90 83 2 30 47 52 57 49 64 96 4 79 49 15 39 88 48 26 18 24 12 16 71 26 61 19 22 49 66 24 96 2 55 90 82 41 95 34 82 3 22 27 62 63 77 57 1 38 7 77 22 52 50 95 42 43 39 
28 98 66 31 32 27 31 17 19 83 43 65 52 73 24 66 46 65 77 51 71 57 91 43 36 84 48 37 0 18 20 16 11 65 47 49 17 87 37 62 50 4 66 73 89 87 39 18 69 57 91 97 22 46 11 46 24 32 52 92 62 18 93 48 62 26 
9 88 9 44 72 2 96 88 40 91 16 15 16 70 99 73 3 98 12 49 98 66 25 14 19 98 29 63 87 91 36 47 13 68 43 15 69 58 72 45 71 24 51 21 87 96 37 63 66 10 90 12 9 43 82 14 63 29 36 60 65 16 15 71 33 93 
58 95 11 62 75 13 35 78 85 90 85 86 2 61 36 90 88 87 47 3 60 36 10 33 53 93 8 96 75 45 97 59 40 61 90 62 93 77 22 79 18 53 61 20 83 21 9 64 86 89 40 0 50 36 65 20 83 55 42 62 45 14 35 15 0 52 
74 21 53 14 74 30 42 46 36 84 51 85 84 21 1 74 97 6 45 69 51 67 98 29 53 91 33 75 49 99 97 21 8 88 75 98 20 79 57 6 76 24 71 70 14 22 51 67 64 2 52 93 42 83 78 12 45 63 6 98 12 41 45 35 23 63 
56 2 28 62 46 5 43 72 2 40 35 50 13 35 51 88 68 18 24 71 59 3 76 98 45 4 68 68 11 34 87 25 8 30 82 19 43 14 92 34 9 83 75 37 28 42 98 64 69 34 62 3 73 23 68 55 45 69 21 80 3 43 5 59 74 49 
85 79 31 5 60 36 12 55 41 11 54 61 27 81 86 67 92 19 32 35 60 83 38 28 78 53 49 73 63 97 99 29 91 65 66 38 81 86 38 48 55 73 44 4 76 12 99 78 46 63 24 15 4 53 78 99 16 36 53 52 71 54 86 5 6 68 
13 90 81 49 79 81 91 53 47 69 17 73 89 79 27 83 9 28 49 10 66 21 71 31 19 45 5 31 0 60 14 58 98 5 96 73 32 84 82 53 77 66 64 47 79 2 72 12 39 33 62 70 73 97 87 24 23 24 95 11 60 72 93 47 58 90 
72 94 13 76 15 40 84 31 11 35 90 75 29 65 18 62 63 0 84 21 99 98 69 99 3 79 23 83 29 21 65 49 95 83 29 8 0 53 18 35 53 64 6 2 62 90 34 16 57 21 90 91 69 41 41 12 16 75 12 54 31 25 23 90 52 29 
0 97 35 55 97 94 46 31 38 62 54 47 40 38 54 41 61 13 47 81 31 63 59 71 92 1 59 28 40 78 52 12 87 64 33 35 43 9 51 88 91 97 75 64 50 61 48 59 93 89 58 90 35 11 35 94 75 52 73 41 53 73 5 99 94 71 
50 74 42 95 7 79 88 30 23 77 33 24 55 36 31 96 93 41 93 64 40 9 31 71 24 84 0 38 49 99 0 67 17 1 73 21 46 59 54 60 7 71 33 64 69 52 14 66 90 33 17 39 82 3 83 98 98 93 86 61 36 31 10 68 52 7 
43 10 88 72 96 56 70 32 71 80 44 86 31 79 59 97 16 3 54 37 97 73 9 80 39 91 60 52 83 62 37 8 10 70 78 0 47 58 54 90 33 68 32 59 42 63 93 91 48 49 38 27 69 8 90 89 76 3 55 54 32 36 88 28 65 78 
83 25 58 83 81 64 92 33 35 15 38 77 0 27 74 92 77 20 41 2 36 89 95 73 76 4 96 36 23 51 16 33 19 28 90 49 4 54 57 74 79 65 8 43 35 11 94 48 24 86 74 5 57 23 30 26 59 28 92 1 65 9 75 40 11 20 
34 93 15 8 62 80 55 22 7 40 24 0 69 2 53 90 6 15 7 50 91 1 5 19 28 10 81 99 37 78 30 90 3 50 17 43 85 18 19 38 99 63 93 59 89 29 55 67 61 41 91 36 52 43 45 44 54 33 12 19 32 31 80 22 60 2 
60 5 0 28 64 32 1 61 15 7 79 82 42 43 78 39 48 85 39 83 79 25 29 20 58 47 3 40 57 15 70 64 86 80 57 51 0 89 33 63 85 52 40 16 43 18 10 2 12 67 6 98 60 71 7 64 78 26 46 48 2 2 97 83 92 19 
62 74 66 33 54 87 13 18 90 79 44 58 52 96 33 59 59 15 75 89 64 81 90 92 69 12 22 55 4 61 49 98 65 50 79 11 77 2 69 65 75 12 36 85 57 41 96 2 32 82 40 80 29 83 24 82 20 15 69 82 63 12 95 33 1 34 
89 84 69 60 74 85 89 82 36 32 4 87 97 79 0 12 95 80 94 58 45 50 47 57 36 70 23 93 24 53 5 14 3 51 51 85 88 11 26 90 94 34 2 21 56 82 86 8 45 24 10 34 20 38 38 67 46 75 20 25 53 64 15 79 25 41 
15 84 26 89 64 67 5 8 42 95 40 75 32 82 17 69 38 35 47 0 77 64 15 51 5 94 94 16 2 0 64 34 36 11 98 13 49 98 49 10 85 72 82 42 37 55 59 27 85 24 88 70 44 5 71 63 19 41 42 72 86 46 94 46 82 5 
98 90 64 13 10 99 43 42 14 64 61 39 51 13 67 71 56 44 20 33 79 18 81 66 71 80 86 56 10 60 86 81 91 48 84 23 9 32 63 99 12 91 19 16 10 48 34 50 71 4 43 53 78 62 64 88 95 84 56 54 5 57 71 49 49 24 
79 25 57 36 37 60 96 69 25 36 11 36 71 3 49 59 18 16 28 32 7 13 99 52 91 69 65 40 66 75 99 8 92 42 91 45 14 25 81 61 66 67 42 40 89 40 29 70 65 78 70 12 39 12 70 1 35 88 81 18 79 80 74 70 27 79 
21 5 58 35 12 55 90 12 44 29 62 10 76 43 1 16 78 57 51 48 98 97 56 76 69 83 97 32 90 69 51 86 53 16 40 68 73 35 81 87 8 35 10 97 10 60 32 73 6 84 88 15 41 94 14 32 65 35 41 11 71 13 10 14 43 91 
68 92 24 73 79 53 78 65 54 97 31 40 31 57 6 45 25 95 96 59 1 93 78 57 14 41 37 62 63 80 1 18 88 61 4 58 44 9 14 88 21 18 58 3 47 13 72 87 71 97 43 72 81 38 67 46 96 82 3 4 74 99 93 29 77 26 
30 69 80 8 85 72 12 44 21 2 30 64 6 79 54 81 38 17 46 43 73 37 73 18 7 35 27 36 94 67 37 51 86 89 71 61 98 84 3 11 58 43 93 11 24 96 25 16 84 11 68 81 78 27 78 1 94 80 38 10 80 21 80 3 84 44 
61 76 45 65 53 2 66 56 45 53 24 36 24 64 50 96 19 63 76 52 6 6 43 46 63 53 28 7 93 99 96 94 78 86 43 50 58 87 20 40 96 35 80 92 32 5 16 50 95 97 58 3 30 47 29 13 82 66 93 12 69 8 65 9 98 2 
83 9 55 16 38 75 8 84 27 3 37 37 70 40 4 64 57 61 41 22 35 33 23 44 63 85 48 8 52 14 22 17 25 96 80 11 54 29 96 48 13 63 62 11 75 98 43 75 76 62 25 92 10 94 94 83 82 41 88 92 73 58 68 82 61 11 
0 62 45 26 23 24 63 9 84 94 41 96 10 99 63 65 78 57 70 0 79 64 39 17 96 80 16 96 49 73 60 39 40 14 27 47 27 11 0 16 70 80 22 39 58 11 14 87 65 66 39 64 94 79 33 85 70 36 72 44 49 43 41 16 51 27 
91 18 50 34 16 18 60 55 11 61 7 12 86 64 49 21 80 64 64 58 20 20 74 32 98 70 97 56 72 90 86 13 6 9 78 32 79 0 60 25 11 28 66 25 30 67 71 58 94 26 55 12 69 80 69 64 58 82 83 10 6 76 16 84 76 75 
70 53 22 93 31 4 56 55 13 18 38 37 3 79 73 1 88 14 39 70 59 39 76 64 24 7 74 87 50 4 53 60 98 42 0 55 56 93 8 74 45 92 2 90 56 15 41 85 91 54 94 49 67 87 88 1 65 71 36 58 59 40 1 52 37 6 
17 55 69 40 52 77 7 38 43 89 99 78 46 75 93 80 19 3 65 98 81 12 88 53 40 2 28 58 79 35 13 86 46 48 90 41 76 44 61 85 56 67 39 55 39 5 8 54 80 1 83 54 12 24 19 21 11 59 84 84 69 42 29 65 74 79 
76 48 27 55 93 4 21 92 12 44 1 57 5 7 83 90 26 17 37 83 52 80 80 24 0 40 21 28 25 15 93 4 2 93 27 87 33 83 27 79 48 55 64 13 73 96 80 67 60 52 32 33 13 41 19 23 19 20 84 16 17 37 63 78 69 63 
54 91 35 51 13 61 12 41 76 39 62 79 17 28 25 99 24 16 28 96 89 61 46 73 73 80 49 46 29 14 1 36 77 11 13 83 79 54 54 26 0 30 38 72 40 40 48 38 59 41 19 26 72 81 29 27 69 48 89 95 34 60 21 18 23 71 
93 72 1 73 30 50 85 71 91 82 40 28 42 1 91 77 16 86 78 69 43 82 37 78 81 87 78 87 89 99 78 19 54 37 32 43 56 81 39 56 27 25 89 88 6 24 93 19 45 85 43 1 72 30 39 83 53 86 38 8 6 97 76 83 95 74 
91 63 14 91 34 38 52 65 96 35 57 99 48 71 29 46 21 71 94 47 23 4 17 69 45 47 52 29 38 24 54 36 2 27 31 92 86 74 40 95 76 46 71 70 10 1 19 2 58 1 42 77 51 40 29 55 83 51 94 35 36 16 38 54 66 24 
89 32 78 95 1 79 5 49 83 68 1 69 89 24 89 8 58 59 85 23 93 97 68 93 49 95 41 13 46 25 18 13 44 66 91 53 69 88 80 31 29 51 14 28 2 44 63 23 46 31 42 5 81 6 37 65 44 17 75 50 80 84 42 72 61 84 
9 56 7 62 72 1 82 25 69 96 94 11 39 43 57 99 90 50 81 58 85 26 36 33 84 75 27 67 18 70 35 44 36 41 18 46 77 99 65 75 53 87 41 64 81 68 64 85 12 6 26 10 12 29 84 43 69 69 31 7 51 74 67 88 44 98 
84 59 15 64 31 81 43 84 31 72 65 25 26 19 22 14 98 42 55 46 81 26 22 42 56 71 4 50 97 98 28 29 0 89 27 73 8 27 40 23 59 78 60 91 68 70 30 33 54 52 36 44 34 48 86 80 10 8 69 87 8 39 89 40 42 25 
56 58 15 13 81 40 63 10 57 30 93 2 89 55 87 82 13 92 56 35 82 50 77 37 19 44 81 47 71 77 81 11 58 98 45 7 93 55 42 89 8 81 50 95 3 36 3 96 58 66 54 4 26 60 13 83 16 63 11 90 45 11 35 25 66 18 
57 89 43 17 32 62 97 89 7 65 47 56 43 45 14 57 85 44 34 50 34 13 3 77 3 88 81 55 3 49 38 29 0 47 42 21 85 41 53 61 7 84 94 19 4 17 52 2 49 57 74 96 40 19 25 65 96 53 5 59 97 11 28 37 45 8 
3 2 65 99 19 59 42 92 33 18 68 45 99 24 5 12 33 38 15 6 16 4 30 80 78 29 53 54 28 55 29 30 38 46 73 76 71 93 5 84 73 71 33 40 48 12 29 1 8 49 3 5 2 38 59 23 84 95 3 42 20 62 35 11 66 77 
91 47 94 31 60 14 61 60 33 19 25 42 90 52 47 12 44 20 66 14 17 56 38 99 55 84 22 80 16 33 25 45 40 56 59 70 38 36 11 76 34 93 61 38 56 97 2 27 62 36 29 5 68 21 29 64 37 95 41 50 55 98 9 23 76 48 
10 18 19 12 81 39 46 58 12 35 38 7 53 50 57 0 1 51 49 80 50 47 21 96 46 11 37 67 39 92 27 82 39 83 61 52 5 69 87 75 83 26 64 24 91 69 14 37 97 71 71 30 90 38 83 6 76 45 77 48 10 7 81 70 35 88 
77 29 47 55 43 51 89 10 24 50 17 4 11 26 13 54 59 31 44 98 64 69 3 65 44 97 0 96 75 69 13 34 25 15 93 31 20 38 54 28 91 59 43 52 5 4 82 80 61 55 47 92 54 54 91 14 58 70 23 11 11 94 21 80 25 98 
9 99 81 5 6 40 52 37 73 11 37 94 63 0 8 90 26 99 30 24 1 30 2 7 32 64 42 74 80 87 44 78 56 58 90 72 30 58 76 17 70 39 41 0 52 3 8 56 58 27 72 19 27 94 16 59 83 87 85 88 88 19 59 75 6 40 
54 10 81 97 94 31 27 47 74 35 45 57 18 97 26 52 28 16 28 5 85 84 35 41 86 40 76 12 97 84 67 37 71 59 63 6 47 3 56 67 33 14 23 17 62 16 60 74 15 67 77 48 65 52 54 29 31 75 13 45 91 87 70 46 68 71 
69 4 62 81 65 27 48 70 49 16 75 55 22 22 95 79 4 79 55 29 26 46 50 12 69 91 65 2 1 45 69 99 58 32 65 29 49 24 69 94 92 70 49 0 94 90 21 56 88 45 16 21 8 38 21 36 27 5 90 55 54 48 22 71 78 98 
16 23 82 72 82 2 98 70 94 29 45 88 94 39 81 43 23 5 88 41 66 2 7 52 70 20 21 86 23 74 17 49 32 27 74 49 1 71 53 85 51 8 22 43 16 3 72 93 68 57 41 73 91 99 81 16 34 54 64 71 3 8 36 58 76 32 
50 94 0 96 80 55 39 14 36 31 1 52 71 7 1 17 36 35 26 22 54 0 81 89 13 75 4 49 34 85 49 4 81 91 29 70 28 43 79 51 90 68 39 79 37 32 59 21 97 40 57 59 33 21 65 62 53 46 61 38 11 45 87 93 41 28 
59 48 67 18 18 3 77 15 92 75 11 72 49 45 96 91 7 31 67 19 79 62 40 5 39 27 56 55 9 84 48 42 61 14 43 19 25 30 21 94 90 85 75 1 65 77 37 68 51 5 22 33 5 8 86 54 72 51 64 47 72 85 63 51 73 89 
16 84 31 96 69 87 95 28 28 33 91 97 87 47 3 49 80 33 35 55 7 39 85 58 51 40 31 77 54 13 38 0 84 99 10 40 83 17 37 72 2 8 24 48 0 76 66 64 28 20 60 75 58 7 66 65 89 47 63 78 9 35 87 32 65 88 
30 80 1 88 2 2 29 72 95 8 22 92 95 70 39 81 1 7 92 70 23 23 99 84 71 0 91 89 2 88 50 68 64 71 76 44 45 53 86 15 77 83 97 25 64 45 87 62 97 89 21 76 0 96 92 2 75 85 65 39 62 92 11 75 56 20 
79 85 50 90 28 77 6 78 31 25 56 48 91 51 21 23 80 78 9 21 80 98 85 24 31 85 7 45 41 17 53 84 72 60 88 48 12 39 5 89 42 55 59 12 20 22 72 46 47 98 43 21 56 24 82 93 81 96 73 19 87 5 7 60 45 55 
53 68 28 33 54 0 79 47 25 95 95 84 87 2 24 14 52 81 2 35 13 11 2 22 12 64 29 59 71 98 23 32 24 53 70 7 42 67 74 57 38 0 61 68 85 68 20 29 17 16 97 84 40 80 63 13 32 90 96 29 65 87 14 82 57 51 
62 44 21 58 7 1 62 88 98 36 75 66 99 95 83 71 98 14 23 98 37 72 1 29 19 1 4 31 78 53 24 75 14 33 46 77 9 4 13 70 28 85 84 56 20 60 24 61 7 79 47 22 17 99 47 8 30 20 37 13 70 77 12 52 52 54 
62 40 81 81 39 39 53 47 81 48 44 40 97 74 82 25 63 52 70 34 22 59 1 93 91 11 11 31 59 82 15 54 80 38 99 79 32 46 68 57 46 81 47 16 99 35 70 4 8 0 14 42 22 31 73 17 91 20 45 45 84 10 75 2 49 9 
15 52 8 83 41 32 82 3 89 10 20 39 84 29 30 82 7 25 23 3 81 20 64 51 68 93 83 47 41 73 12 83 41 87 99 91 97 56 97 53 30 92 18 50 2 40 52 14 2 41 5 91 49 41 43 46 16 78 4 34 52 60 70 94 84 37 
33 65 98 32 0 29 17 65 11 77 19 33 55 16 54 25 12 4 61 78 39 31 24 8 19 30 44 75 70 20 25 68 10 78 35 53 83 33 72 69 21 40 23 11 14 20 54 73 44 98 42 8 61 68 17 7 20 40 81 70 49 30 20 6 27 9 
13 70 73 42 25 73 3 81 99 15 85 85 61 85 78 23 47 86 20 91 99 68 76 3 64 48 67 16 69 66 98 35 54 32 55 44 76 31 52 87 82 92 49 73 12 62 24 33 77 18 69 73 25 5 53 27 8 46 22 26 63 40 8 30 37 83 
12 75 99 93 38 55 32 23 54 86 27 14 15 24 50 0 76 98 89 28 60 93 89 15 29 88 72 76 93 85 54 31 61 43 92 53 56 59 53 32 31 89 94 91 36 79 60 50 84 98 29 28 33 44 80 48 70 86 26 50 14 21 57 7 89 28 
12 13 25 3 46 38 41 79 8 44 21 18 18 38 65 61 58 21 68 45 28 37 49 11 49 94 93 28 79 64 69 58 43 96 87 13 82 55 87 14 22 68 99 38 85 20 96 34 48 35 34 83 37 6 31 41 63 57 28 54 75 65 12 45 25 10 
61 80 81 32 46 87 60 2 59 90 63 22 37 67 50 18 77 86 0 22 88 26 50 29 5 58 58 51 75 36 97 68 87 33 12 44 26 46 54 67 7 83 7 5 75 91 30 2 70 79 7 5 63 56 20 40 22 28 50 2 5 89 92 4 48 66 
78 61 97 7 72 96 61 56 26 24 30 81 2 12 98 61 88 45 53 33 15 33 81 53 13 70 99 66 87 48 62 39 95 72 86 45 33 42 11 13 1 77 28 26 27 83 23 73 11 60 13 30 27 49 60 52 67 34 97 32 3 3 52 90 43 0 
