51
40 97 17 3 72 48 47 96 60 19 41 40 1 67 14 71 52 33 26 48 21 55 95 72 5 2 36 5 21 12 40 6 96 93 79 43 34 32 95 53 32 16 93 56 17 68 31 97 22 84 42 
11 73 70 90 50 19 26 54 3 80 98 62 3 53 70 25 39 53 16 23 5 46 20 79 65 14 70 82 91 83 16 83 25 56 75 36 32 97 95 7 49 2 85 19 90 15 33 78 91 6 36 
35 11 37 6 53 76 18 25 70 80 26 40 14 9 14 35 12 88 91 73 35 13 64 26 35 39 85 22 40 68 47 53 64 20 34 20 72 87 84 26 7 33 55 31 87 59 71 18 82 39 48 
31 18 17 43 12 27 77 15 61 5 16 97 58 77 72 96 77 83 12 40 93 10 89 36 95 54 75 71 51 99 20 0 87 24 40 93 64 81 49 66 58 42 37 40 55 66 22 92 24 8 94 
74 96 26 82 71 74 38 41 71 38 18 69 64 39 80 2 12 64 92 66 6 13 46 66 64 5 87 11 9 70 77 57 6 50 67 97 88 49 48 53 61 80 19 59 88 0 44 91 10 91 53 
57 38 82 39 51 85 0 21 27 4 84 55 9 1 40 46 1 56 96 48 88 66 72 34 26 43 91 6 43 37 78 17 98 62 8 91 68 51 10 51 17 89 24 58 23 61 76 85 0 50 11 
70 25 94 38 16 57 74 22 2 26 0 32 65 53 4 41 7 69 79 97 9 70 43 35 6 57 87 29 6 43 51 66 89 56 33 7 64 9 76 38 22 81 94 30 61 93 37 35 23 99 23 
65 80 2 82 9 98 85 35 40 93 89 3 77 82 49 92 58 18 61 2 63 24 51 29 15 7 67 84 87 59 60 88 13 79 56 39 86 44 86 1 68 52 67 93 92 57 52 81 68 31 54 
39 81 21 80 8 79 29 62 30 42 46 70 7 25 86 77 54 14 22 48 77 6 89 9 89 99 58 53 53 92 70 80 52 84 45 52 59 95 26 59 94 46 57 24 14 38 62 65 74 64 56 
3 44 85 7 67 16 5 1 73 21 10 95 35 16 67 8 47 21 74 34 78 61 24 60 74 98 63 61 47 75 74 8 55 8 53 23 12 70 88 69 63 39 47 18 78 8 76 69 21 24 89 
58 74 90 44 15 61 44 97 29 76 26 39 44 36 86 83 67 8 26 10 59 99 65 78 92 18 79 93 17 79 79 11 36 8 71 1 6 7 86 99 42 60 35 74 9 75 15 62 45 29 45 
56 71 65 77 72 16 98 50 44 96 11 14 72 47 96 48 9 24 78 82 41 90 98 89 92 43 31 53 55 21 89 66 47 9 49 77 76 94 95 28 35 94 67 17 73 48 6 26 43 66 24 
26 84 55 71 65 46 82 92 33 53 25 65 89 5 68 7 59 15 38 33 98 15 99 90 24 41 45 85 48 34 36 75 84 19 64 67 46 18 13 90 88 53 99 52 64 11 34 60 89 56 33 
63 92 60 30 56 15 65 57 65 79 48 82 46 35 99 2 25 57 1 78 21 76 97 74 87 48 21 77 94 22 27 54 38 73 38 72 66 10 84 48 8 83 31 71 90 58 63 51 58 53 67 
91 49 95 80 23 18 84 94 98 59 25 53 82 26 2 45 17 78 65 66 67 0 59 5 89 85 51 19 85 41 71 64 53 11 80 83 80 92 94 8 20 54 28 97 23 62 18 73 49 14 20 
68 92 41 48 80 6 48 29 72 36 0 46 68 47 38 42 92 39 74 38 78 37 67 46 7 43 15 9 50 63 45 55 2 41 21 61 5 46 84 3 37 70 24 87 10 86 93 3 51 16 68 
1 55 59 62 66 40 89 37 84 59 9 43 78 30 46 38 46 60 79 80 11 75 89 16 58 52 11 82 17 67 81 29 18 93 55 4 6 76 70 95 39 26 69 92 53 14 14 24 93 13 7 
60 92 97 84 14 78 84 60 65 66 36 88 46 22 82 5 87 1 53 1 90 33 41 20 28 28 46 84 49 95 20 43 52 46 43 28 19 79 44 13 40 69 59 84 27 33 99 88 5 7 70 
30 70 91 58 21 55 20 17 59 62 63 60 71 64 25 94 99 30 82 22 0 96 13 23 33 35 94 45 93 33 12 72 41 62 88 3 38 6 51 95 16 62 50 43 43 13 53 78 7 17 63 
19 31 78 36 64 24 83 9 70 93 15 40 45 87 71 97 89 93 44 26 81 77 3 87 99 23 18 85 89 59 49 61 75 87 9 25 19 36 86 91 3 61 11 59 56 54 33 14 68 7 92 
33 54 25 6 48 74 50 94 43 45 8 33 16 10 48 85 96 51 97 18 8 80 64 22 65 70 49 75 61 52 59 84 73 66 96 15 1 62 69 79 94 34 93 19 45 20 18 42 65 89 92 
69 47 48 49 18 90 70 65 62 1 65 87 0 56 82 19 17 95 72 8 28 42 83 86 96 12 93 36 20 92 80 47 19 53 33 3 21 22 37 80 70 96 63 73 70 44 94 73 61 5 85 
42 10 91 48 59 59 64 5 95 60 1 89 60 53 85 94 95 66 5 46 29 6 10 98 38 67 43 44 50 3 40 19 97 27 82 22 53 33 78 80 39 48 44 87 19 99 24 22 25 33 95 
5 60 55 24 25 58 24 55 86 27 10 88 7 27 25 81 28 83 2 17 81 64 50 45 30 54 5 21 87 72 42 12 39 66 77 86 86 65 68 22 24 46 95 40 28 5 30 89 66 41 77 
14 6 65 77 0 3 39 34 97 71 37 89 32 35 86 79 55 51 66 43 74 21 14 1 48 8 23 24 38 5 84 27 28 85 72 49 45 49 66 3 67 63 53 22 27 58 0 78 75 62 74 
9 93 65 96 85 54 98 60 54 16 81 6 40 12 63 67 2 84 76 29 95 24 79 22 26 49 59 96 5 52 37 81 66 49 5 29 79 51 90 53 20 27 72 77 11 46 33 31 16 37 89 
66 55 56 39 20 96 63 11 59 41 67 41 51 59 72 12 50 59 85 31 90 59 48 4 85 98 13 73 43 20 52 68 84 63 1 87 97 48 23 92 96 90 74 14 56 98 0 91 67 40 72 
34 7 93 33 65 44 2 17 28 57 36 25 44 31 91 66 99 67 54 42 93 87 40 41 84 87 81 40 77 2 98 51 12 16 84 51 58 48 82 75 70 95 62 36 89 68 38 9 47 71 86 
65 71 69 66 43 51 97 63 75 26 93 87 23 55 64 51 55 15 40 84 15 90 10 13 58 59 50 53 34 47 65 92 18 68 32 5 69 47 30 28 91 55 51 41 51 20 41 38 71 85 49 
44 76 10 66 73 17 83 29 19 22 58 24 41 86 48 66 88 46 71 26 32 19 7 76 45 72 91 17 1 8 7 94 75 38 85 46 59 26 13 29 5 49 74 98 32 54 34 71 48 99 69 
48 60 23 71 97 66 54 64 24 48 95 38 51 73 98 90 60 13 82 28 99 51 62 13 97 29 56 6 45 57 24 91 29 26 99 42 40 5 3 27 68 40 6 65 96 86 16 63 90 1 19 
88 30 20 78 44 62 80 30 65 18 19 36 95 41 52 11 64 48 18 98 20 35 39 23 84 42 81 59 14 5 25 38 45 2 69 88 15 41 33 42 14 86 81 51 51 4 9 46 78 18 8 
53 66 34 43 72 68 19 67 76 36 68 99 96 68 92 46 1 79 65 40 42 69 95 47 30 44 30 97 10 51 36 76 56 3 17 99 59 24 98 0 70 50 5 2 47 89 19 26 76 98 79 
78 80 27 3 19 53 34 86 4 70 0 33 6 96 21 60 91 55 69 92 55 82 86 46 83 21 51 99 18 6 65 55 45 86 96 1 71 7 53 5 34 18 56 89 97 57 70 2 35 11 78 
67 37 91 13 28 84 48 66 24 66 26 55 37 15 99 74 37 28 64 77 7 75 14 75 21 82 10 60 1 31 65 99 26 1 70 98 35 83 54 11 71 13 45 74 97 83 78 15 0 61 69 
70 32 24 99 86 35 61 20 20 99 72 56 65 53 5 14 3 74 50 21 49 23 64 78 1 78 13 21 19 93 31 10 4 11 16 43 80 41 37 82 78 8 17 7 87 24 31 12 71 15 11 
11 32 68 71 14 35 14 21 15 13 80 66 50 15 74 11 11 38 87 43 4 78 46 17 56 70 80 91 44 62 0 89 51 85 67 89 89 22 59 20 52 25 58 81 98 18 27 9 75 67 28 
23 4 20 95 6 6 53 36 50 33 11 66 48 36 55 98 35 26 84 57 92 19 32 65 69 93 15 74 10 19 0 27 80 31 0 69 44 9 12 61 20 11 79 1 17 48 71 19 57 13 50 
86 79 54 97 11 6 20 12 13 30 55 63 11 59 95 66 93 25 97 52 86 33 43 59 4 6 34 84 98 46 63 65 64 0 76 49 40 7 30 82 58 10 92 75 25 68 92 57 50 86 33 
13 66 48 17 89 68 17 93 42 81 71 24 7 0 71 81 27 66 57 20 33 63 89 52 77 59 2 86 91 35 88 43 41 60 5 84 30 41 93 55 98 62 4 83 45 46 80 61 43 43 48 
41 18 90 23 36 24 28 54 47 6 23 90 94 2 77 94 28 30 95 45 83 28 45 60 60 42 58 48 48 94 58 19 74 63 59 60 53 53 16 24 50 20 99 40 42 0 47 1 82 5 62 
48 25 98 4 92 92 48 35 33 78 39 12 83 42 72 84 12 77 2 24 11 69 87 59 78 23 70 89 23 2 35 53 87 53 2 97 31 15 98 86 1 59 91 12 83 30 15 67 91 41 62 
27 60 76 12 6 92 65 12 60 71 23 36 38 35 91 36 11 7 28 44 31 59 87 9 6 89 42 23 57 78 54 78 49 98 56 83 86 86 52 75 22 34 50 63 83 33 91 27 30 89 68 
37 50 22 6 61 50 39 65 40 10 19 70 37 39 63 69 92 97 53 97 78 5 72 30 26 32 96 25 31 23 16 54 54 91 1 12 88 32 93 35 9 10 52 39 52 64 68 10 91 60 56 
70 41 60 28 28 7 87 71 93 73 41 62 95 72 73 97 53 37 93 68 45 87 84 0 15 30 4 28 91 12 55 83 92 61 64 92 60 60 58 24 51 88 68 12 23 69 41 31 78 49 76 
52 95 83 45 59 56 39 7 53 65 98 53 82 79 38 92 29 44 55 46 83 47 29 57 46 76 62 23 92 77 7 90 61 60 3 65 45 52 72 65 16 4 47 96 89 99 78 56 14 59 49 
35 94 21 23 18 79 37 27 83 55 63 95 66 94 89 68 84 35 17 24 87 36 95 89 94 84 29 87 12 57 67 70 97 55 65 70 5 56 80 32 24 68 68 74 31 92 61 2 42 75 66 
8 29 63 71 46 27 28 83 17 81 78 36 46 31 0 19 67 50 44 97 57 0 15 53 7 76 78 41 45 50 15 70 10 1 70 19 40 81 39 38 39 37 39 99 81 62 59 96 69 79 48 
45 94 61 48 0 3 74 98 72 93 49 38 39 37 17 68 24 52 15 7 27 1 59 10 40 59 2 23 6 13 10 60 40 78 23 87 14 17 63 65 87 22 23 84 64 55 16 27 29 99 16 
71 16 92 96 7 22 88 3 36 18 46 62 91 41 23 60 49 56 61 70 86 45 32 80 41 73 16 26 80 47 59 9 63 82 95 58 8 5 91 49 42 56 96 76 26 92 28 70 45 80 76 
0 87 43 2 35 78 66 92 60 38 29 60 74 56 54 43 12 27 90 22 39 50 93 68 82 17 79 16 75 34 16 18 15 45 48 62 45 33 22 72 52 22 76 76 86 56 94 27 46 44 13 
