66
69 23 57 18 63 61 58 13 41 14 80 67 39 13 73 66 60 8 27 49 6 89 19 2 30 22 47 21 13 5 79 71 14 92 82 99 91 34 3 26 92 48 32 29 79 7 39 66 18 27 69 99 40 67 86 26 62 4 16 6 91 62 40 3 26 70 
23 43 36 99 50 37 54 59 20 35 68 17 61 95 38 85 21 26 40 27 3 34 77 10 20 38 84 6 36 16 42 17 50 91 64 19 61 18 58 24 0 10 98 79 36 36 39 2 33 59 13 17 9 9 86 71 17 80 12 4 30 5 37 65 12 93 
40 7 55 73 94 99 79 12 81 18 42 51 10 69 74 64 37 44 1 40 54 89 67 56 39 56 46 87 68 61 45 15 65 30 13 37 14 44 46 30 25 21 77 13 50 64 83 99 67 72 37 50 56 6 96 90 13 99 53 50 55 27 37 44 93 25 
86 75 63 19 69 1 2 68 32 1 68 73 66 19 35 10 87 57 69 44 34 2 30 40 41 85 69 89 51 64 22 83 86 30 85 20 44 68 57 4 64 56 47 86 41 72 34 9 70 98 68 45 38 41 18 40 53 61 15 41 68 7 27 4 93 84 
67 94 78 15 36 17 12 34 64 97 73 82 94 62 51 28 54 58 80 77 38 26 66 65 64 37 56 85 87 13 24 62 10 87 65 42 52 93 92 10 34 67 6 13 88 12 72 89 39 19 68 24 68 38 82 26 76 50 27 2 32 1 66 27 73 29 
79 78 45 6 44 81 38 12 88 98 52 7 43 70 45 68 86 73 81 57 68 8 1 68 25 31 76 68 47 9 5 90 89 57 4 68 65 19 48 36 90 72 10 20 24 90 43 89 9 56 29 78 56 63 72 51 97 91 9 47 3 1 57 28 30 65 
95 50 34 71 27 51 18 34 66 58 49 23 75 42 10 33 73 18 82 2 68 27 92 22 86 38 19 62 70 16 28 21 95 40 23 58 31 29 66 70 72 86 60 90 17 6 57 85 27 40 95 74 10 12 90 72 71 12 46 9 91 50 57 45 45 7 
60 32 21 6 22 28 37 7 68 42 66 7 25 94 56 92 6 50 5 1 19 77 91 17 84 50 77 94 42 13 95 2 22 20 37 13 64 78 31 37 94 69 10 79 4 46 13 63 52 35 3 88 90 97 72 85 10 12 23 0 35 29 67 74 72 71 
46 0 34 77 67 41 61 36 56 4 48 80 48 20 99 29 32 64 44 9 45 13 71 21 66 16 43 69 31 10 86 13 29 45 45 42 38 70 81 10 1 0 42 44 19 0 17 96 53 28 85 39 42 93 91 98 77 26 84 98 69 94 85 45 45 10 
81 56 26 97 50 64 72 0 97 50 28 14 90 63 93 1 85 69 7 84 86 38 37 10 40 87 71 7 72 88 51 21 38 23 61 29 20 98 94 36 19 98 21 7 88 62 45 39 44 74 88 82 85 91 22 15 32 16 27 72 59 73 38 55 23 95 
73 86 44 63 66 4 2 85 21 90 45 7 57 39 5 22 5 20 7 81 87 27 59 85 71 42 86 54 15 52 74 60 64 77 89 52 5 88 3 30 59 15 88 44 16 99 69 82 50 13 64 62 80 84 91 42 97 56 74 84 21 64 49 58 48 89 
72 21 18 12 82 8 13 27 9 58 38 91 28 68 99 53 1 28 22 39 30 71 24 14 78 26 85 3 40 90 3 63 75 49 26 56 71 37 66 57 13 60 12 73 98 6 76 85 69 11 81 37 37 73 67 81 22 38 62 21 93 58 27 50 72 69 
12 96 29 88 45 57 91 55 74 56 6 83 61 76 80 25 64 20 16 83 80 56 83 25 1 30 10 72 82 42 31 89 41 63 49 22 20 4 75 51 95 12 86 70 10 87 6 44 0 33 10 12 34 72 60 71 65 57 61 55 26 40 98 36 45 71 
19 93 74 54 78 7 64 0 36 30 71 65 56 36 96 48 73 86 81 64 37 43 79 44 16 87 81 35 83 87 67 10 27 75 3 21 82 20 68 42 29 76 44 2 29 39 73 28 31 5 44 12 82 78 51 33 7 41 94 40 93 70 35 17 21 62 
74 4 5 34 24 72 64 61 18 71 21 59 38 63 73 39 53 5 0 71 8 89 92 95 33 78 9 12 42 16 20 28 69 80 95 60 3 79 63 34 71 43 96 92 76 52 59 73 95 27 50 75 86 5 49 67 33 70 17 54 8 15 17 84 27 55 
90 11 58 64 24 65 64 79 19 23 26 58 72 8 66 20 92 86 87 63 35 48 16 39 27 3 40 46 52 23 36 36 32 35 52 69 28 84 58 22 81 64 97 95 97 75 42 70 31 79 40 68 66 10 65 93 94 13 74 45 53 7 12 32 28 31 
78 47 62 42 87 21 59 95 0 1 58 10 43 57 94 8 83 24 66 77 20 53 91 46 36 84 59 77 27 18 67 12 40 94 36 11 92 7 63 95 56 41 75 25 73 36 9 82 48 55 82 17 85 82 17 10 51 43 75 78 45 47 95 86 57 13 
16 60 6 52 11 13 13 51 12 8 0 95 56 16 58 0 19 86 56 20 64 46 45 25 37 41 30 34 38 84 5 54 55 87 71 29 50 33 2 91 16 15 8 71 40 4 86 69 1 49 97 88 68 14 50 28 13 26 66 39 80 91 69 32 97 74 
45 97 89 90 3 57 4 79 41 7 20 71 35 57 80 57 52 10 78 42 69 38 19 33 21 79 87 74 21 58 6 12 14 4 3 65 33 65 12 19 31 11 4 44 58 31 51 50 49 36 49 81 35 45 34 90 0 21 53 46 20 70 97 57 52 99 
28 41 64 55 0 75 55 64 64 56 10 80 92 64 36 24 41 56 52 23 51 10 49 18 81 71 2 14 71 25 41 22 80 79 7 3 0 35 19 70 73 11 48 9 9 11 29 18 74 90 34 45 98 67 53 81 76 45 16 71 56 36 75 44 80 63 
51 80 83 75 92 7 90 32 0 28 75 15 56 89 21 64 96 95 95 99 80 75 84 75 6 45 16 75 0 41 39 69 11 44 74 11 6 37 83 96 84 26 9 77 89 65 85 54 16 65 5 21 18 14 51 42 59 48 91 92 6 25 89 80 71 49 
13 68 46 92 97 7 11 87 57 87 84 91 62 44 10 23 21 77 12 81 9 49 20 72 72 61 76 45 2 61 93 49 83 76 26 67 99 84 15 75 97 23 69 14 57 33 83 89 3 47 40 45 44 50 0 93 72 37 34 1 91 47 18 38 98 73 
91 78 41 0 76 94 66 88 69 43 25 62 39 90 3 32 92 44 94 38 28 39 39 24 91 23 87 59 33 5 60 22 10 86 36 99 91 99 12 94 30 1 42 66 69 36 73 10 38 82 18 84 7 42 49 82 9 34 18 25 88 98 70 67 93 98 
38 44 48 72 42 74 65 40 48 34 37 57 76 67 99 74 53 54 74 17 37 55 87 99 49 36 19 25 8 72 53 99 13 32 78 72 66 50 63 9 4 10 61 67 5 42 56 20 81 73 93 58 96 84 33 20 35 9 79 6 25 58 31 80 49 35 
54 26 42 28 50 59 73 57 78 92 92 43 99 21 60 12 58 23 78 28 7 81 28 12 63 28 95 91 33 37 52 72 59 15 55 34 43 35 83 88 66 29 17 42 54 16 89 84 4 25 99 42 41 8 0 25 0 53 84 93 21 83 96 92 14 48 
88 54 39 88 47 35 93 62 28 95 47 29 37 45 33 85 59 64 42 16 20 59 98 56 21 11 6 85 96 2 14 55 3 95 24 62 64 25 14 99 52 59 84 69 75 62 29 5 97 26 60 42 91 86 32 76 49 73 63 92 89 44 28 49 46 46 
72 86 42 79 66 40 6 9 12 52 59 9 1 86 94 2 46 72 5 8 10 34 78 35 46 3 41 16 11 54 62 77 9 99 97 53 0 49 14 8 66 68 21 31 17 0 30 89 77 70 91 15 13 55 46 62 53 90 58 10 20 82 91 34 5 62 
6 27 49 66 23 14 56 75 6 27 4 58 89 96 11 23 40 91 25 73 54 32 18 70 76 75 54 40 20 15 10 82 8 72 5 10 7 34 77 97 65 95 43 42 2 74 69 7 28 70 81 89 54 87 92 70 53 59 90 94 71 38 22 44 55 48 
70 35 96 29 40 17 58 75 1 7 51 31 43 79 55 10 6 39 14 10 47 95 91 10 95 87 30 6 64 34 96 88 67 23 27 9 47 63 49 77 71 32 22 55 89 62 90 99 75 11 69 33 22 32 9 71 38 38 86 99 7 31 34 48 26 32 
20 84 33 68 67 91 12 19 27 74 75 20 28 59 61 81 20 92 3 77 96 47 15 93 91 74 53 92 1 0 27 72 86 52 90 71 3 97 32 46 76 4 29 34 1 87 55 36 63 99 25 27 66 21 93 38 88 37 69 47 53 3 79 92 43 35 
70 61 81 41 33 15 51 6 12 3 9 58 74 90 2 63 64 46 93 34 56 90 58 66 51 0 43 6 34 56 33 68 73 29 14 73 21 4 46 83 90 8 49 34 41 58 68 30 20 64 52 6 14 29 33 23 42 66 62 25 63 12 89 24 3 47 
77 97 60 34 55 95 20 0 12 16 93 39 46 70 61 39 28 53 28 15 93 98 68 1 6 11 99 4 94 41 52 44 26 35 43 53 66 66 43 84 35 84 41 58 20 94 35 95 92 62 88 52 2 10 44 86 59 37 1 36 58 48 40 91 74 89 
73 13 81 52 1 51 16 85 22 20 86 46 66 27 92 5 14 28 47 24 74 8 54 75 30 72 23 38 39 9 59 95 83 9 54 1 43 93 85 16 68 47 60 90 42 43 60 20 5 59 21 78 98 72 54 52 45 87 38 66 5 17 39 2 29 51 
78 82 98 15 37 40 34 8 69 31 23 64 37 13 58 57 44 46 64 76 52 33 18 19 67 36 2 19 14 90 42 14 45 85 24 40 21 59 56 83 94 3 97 53 58 89 40 93 76 34 8 27 42 81 19 38 65 84 62 24 18 47 26 97 39 68 
99 48 0 67 99 84 79 20 52 74 11 15 40 1 33 20 54 39 30 65 2 2 38 50 5 35 13 32 10 98 7 22 65 68 98 56 83 42 92 29 96 8 0 40 97 15 42 39 14 96 35 81 79 13 64 75 95 13 26 42 82 55 18 95 20 44 
35 59 23 55 69 22 58 3 42 4 36 96 44 48 80 10 50 53 11 60 8 37 44 77 98 56 45 73 44 31 71 14 48 96 23 22 5 11 0 45 60 14 65 53 27 37 44 2 77 36 85 23 41 58 13 31 43 60 56 36 89 3 81 16 80 91 
89 62 13 65 55 5 7 99 79 44 23 35 18 4 47 71 10 90 5 89 52 52 87 68 14 17 29 93 68 42 87 63 54 69 89 42 55 0 89 35 38 66 35 95 34 98 93 93 30 61 38 90 50 71 89 24 56 97 95 39 11 75 41 32 72 33 
61 40 17 28 84 49 83 47 60 76 49 47 56 59 36 8 29 69 60 89 90 5 97 31 44 68 53 31 47 92 59 71 64 14 99 96 83 90 97 6 66 66 65 68 69 57 88 54 6 7 92 81 41 35 2 18 36 96 8 83 28 49 23 3 19 84 
55 85 95 86 86 69 93 89 11 79 39 50 95 37 80 34 79 31 2 61 98 62 31 71 19 82 4 36 78 53 90 10 3 22 71 64 7 11 73 5 51 40 91 0 29 75 89 0 62 0 77 49 86 54 76 74 62 61 96 40 87 93 81 36 96 0 
39 49 90 95 69 7 90 93 36 12 85 14 43 88 43 44 35 28 37 80 60 15 20 87 75 50 84 99 68 74 7 38 11 45 23 47 30 45 58 29 50 33 79 84 63 82 64 93 31 69 68 2 71 48 39 12 89 66 69 15 74 61 10 56 51 71 
41 13 20 53 93 13 57 1 9 38 89 78 7 41 41 86 30 22 57 16 86 49 30 87 99 20 84 20 39 75 12 40 53 18 11 54 13 75 93 0 16 56 0 84 98 52 50 0 72 66 2 15 81 49 71 62 37 16 30 23 33 30 25 64 90 50 
98 60 67 51 23 32 87 6 41 81 63 13 76 22 94 51 41 53 4 29 63 3 56 2 36 34 11 26 43 6 53 42 82 75 44 7 62 71 3 0 85 60 72 16 25 73 43 9 63 22 19 64 42 33 0 13 41 29 79 2 37 95 37 31 75 60 
46 10 79 54 35 90 53 76 76 26 29 1 68 68 80 55 50 3 81 29 88 42 54 56 27 14 31 82 59 76 13 13 23 49 21 44 61 12 96 87 46 90 86 21 20 84 36 46 93 52 83 55 93 65 59 84 1 63 85 44 86 36 8 28 90 74 
47 86 49 81 44 40 12 24 22 62 91 56 2 81 12 70 44 50 6 82 0 15 56 12 3 45 51 71 91 0 74 17 8 32 24 67 3 8 77 93 41 72 74 66 43 3 44 26 60 87 23 21 45 11 60 14 54 41 50 40 7 57 65 85 77 41 
69 20 51 13 5 65 25 98 41 57 27 88 91 86 28 6 18 74 13 23 4 80 53 31 22 29 52 99 94 50 60 86 37 50 76 61 23 10 4 57 3 12 50 32 98 62 47 98 40 29 65 79 70 39 77 16 31 88 34 18 60 49 28 66 80 95 
40 58 57 83 61 93 41 40 8 80 41 9 1 40 96 18 89 40 65 13 12 3 58 75 72 59 85 29 22 55 97 72 1 82 70 93 12 25 98 58 96 54 48 27 86 4 3 56 77 44 45 25 64 5 11 16 40 64 24 46 32 43 52 49 36 52 
34 2 58 22 23 20 79 0 52 41 3 77 44 65 44 93 74 8 85 46 85 36 36 79 97 85 44 38 54 78 65 81 17 62 22 28 56 11 13 17 11 22 51 68 21 19 16 58 8 16 53 18 48 99 33 67 75 61 57 17 15 11 64 35 91 35 
24 10 11 27 26 61 18 6 95 1 10 84 23 23 75 81 98 72 73 1 82 96 92 91 80 4 50 28 48 95 68 68 8 61 19 16 46 80 22 10 33 67 96 82 77 28 23 14 55 81 92 42 1 38 11 10 48 63 32 25 91 2 36 10 75 61 
58 14 8 10 37 74 71 99 26 86 88 69 60 59 16 80 8 10 60 78 60 51 1 41 80 93 39 3 47 67 76 17 80 32 81 88 77 52 68 16 97 60 2 6 26 93 74 74 14 64 56 98 83 13 3 35 39 2 96 46 89 99 95 42 2 4 
1 32 8 50 77 76 81 64 1 40 49 75 8 35 25 46 1 24 4 56 67 89 8 6 92 63 14 76 45 11 32 16 52 24 48 52 9 8 69 98 75 30 29 37 94 46 82 50 22 23 43 77 60 14 52 22 1 66 10 65 69 78 37 10 57 39 
59 33 44 63 5 90 36 88 10 84 89 60 48 6 88 39 80 7 74 7 66 79 24 24 58 47 31 53 41 72 85 25 7 65 18 15 35 92 74 18 85 76 16 33 28 72 56 80 35 51 29 83 23 79 49 39 48 72 31 28 34 23 4 55 14 25 
44 57 56 35 39 84 72 31 71 88 2 53 71 67 12 43 90 47 74 87 96 69 85 60 54 44 45 72 90 91 10 80 73 44 30 93 20 2 0 96 58 94 53 65 68 58 15 90 8 95 24 87 64 5 85 62 27 41 32 97 42 63 46 71 37 18 
81 44 65 33 1 44 66 79 29 76 45 31 61 90 83 90 29 55 31 83 81 30 94 39 83 15 22 77 45 37 28 80 76 9 78 43 92 1 85 6 51 62 12 81 28 79 52 82 40 6 7 51 7 68 24 61 53 57 20 91 25 86 59 65 32 73 
10 18 3 30 18 88 27 59 99 88 1 61 90 40 45 14 77 74 36 9 84 0 19 33 49 40 97 47 53 3 52 82 86 85 71 52 30 69 0 55 82 96 44 17 97 35 57 34 8 42 25 37 58 59 8 70 88 16 40 23 38 63 45 37 78 88 
77 86 87 20 82 65 7 53 74 35 97 85 72 17 93 73 76 31 30 91 57 24 91 48 64 27 7 8 23 10 94 99 63 53 40 34 14 55 28 27 65 30 63 47 97 37 9 10 27 67 65 12 30 74 76 78 76 26 15 83 32 37 82 39 83 72 
45 71 36 87 22 27 94 82 6 72 53 24 98 69 8 34 82 65 30 29 60 52 52 0 62 56 3 5 1 62 31 7 27 38 7 71 25 92 82 67 54 13 79 83 48 74 73 43 49 64 13 26 11 9 56 22 76 74 94 68 44 54 69 3 89 48 
52 49 33 46 11 6 84 94 68 34 65 97 88 74 78 18 48 43 32 21 64 3 50 6 53 40 79 26 63 87 47 41 62 6 18 17 3 91 87 58 63 53 43 95 11 56 2 18 70 1 53 24 92 0 47 92 77 23 58 30 75 44 69 92 50 38 
71 77 56 57 47 30 77 52 55 86 29 33 92 14 5 16 0 34 68 56 59 3 70 75 84 22 72 13 60 90 79 49 61 82 52 8 56 54 13 23 9 76 9 11 85 38 98 64 10 28 64 23 23 40 15 90 82 43 29 18 19 78 94 83 60 49 
77 49 39 65 28 94 45 80 97 52 59 8 3 89 75 0 72 2 58 79 56 38 52 51 60 48 46 46 18 52 91 21 57 71 99 12 93 20 42 42 96 32 20 58 4 55 98 20 40 92 52 95 67 60 66 28 24 38 6 59 8 0 40 26 50 38 
92 11 29 75 17 55 5 66 31 89 92 69 16 75 52 6 13 61 37 68 40 65 89 49 94 56 20 98 45 80 70 91 83 45 12 81 30 13 54 30 57 8 48 77 13 93 68 71 18 49 16 10 61 42 94 40 94 79 89 0 43 7 0 73 87 35 
33 48 77 22 70 57 45 48 7 93 61 42 5 60 98 58 4 30 38 87 77 92 22 9 71 0 49 43 95 65 36 33 52 78 10 56 53 86 87 97 98 3 84 47 85 84 93 65 0 43 43 64 61 79 67 9 39 19 89 76 81 50 70 14 82 8 
16 61 39 22 95 82 92 29 21 62 13 7 19 38 9 23 44 10 90 92 16 45 53 50 69 79 77 65 30 39 27 46 44 40 64 56 30 68 98 48 9 73 81 18 33 8 39 84 28 27 36 96 17 34 68 99 42 79 27 76 55 96 62 8 90 5 
15 96 74 78 11 8 96 35 10 28 66 84 32 76 1 97 3 5 58 67 88 31 20 28 51 34 17 72 95 90 13 65 98 15 26 6 44 93 38 36 86 81 23 14 67 45 33 43 43 87 40 50 90 26 27 98 52 60 60 16 35 44 27 2 68 92 
27 14 36 99 87 24 22 86 10 65 94 84 89 53 84 81 98 32 2 52 46 25 4 5 37 19 90 42 66 74 29 40 3 66 76 42 38 36 51 46 29 90 1 58 56 63 54 95 1 40 51 0 62 46 30 50 31 38 63 39 27 12 30 62 61 4 
52 86 84 82 19 90 63 44 9 69 40 50 25 26 55 51 54 84 99 19 62 69 95 81 99 81 82 76 37 42 33 5 31 62 37 72 56 29 37 28 2 2 67 32 17 1 46 37 54 55 49 82 68 45 63 52 57 54 26 2 23 41 80 76 5 92 
72 4 64 16 22 38 71 97 10 75 94 40 62 85 20 16 47 14 68 75 33 90 82 79 93 30 44 2 80 87 63 10 79 12 37 46 22 62 60 65 20 14 36 48 61 32 59 32 87 19 6 10 84 80 34 5 41 17 0 2 12 95 37 89 20 92 
