74
31 40 15 53 5 99 14 39 84 94 96 8 38 33 56 95 52 30 94 62 26 53 77 0 42 56 38 20 95 50 39 61 78 54 75 27 31 95 63 87 62 74 62 91 30 60 46 21 60 46 62 34 29 11 65 67 29 78 88 20 99 10 93 70 19 75 52 31 96 77 98 91 51 23 
58 70 77 74 52 5 67 61 30 15 0 99 1 85 94 8 11 26 50 23 35 97 6 88 43 49 4 66 68 52 52 89 13 39 56 76 68 82 56 18 25 91 57 18 33 62 48 24 36 89 87 58 63 41 52 49 68 17 98 98 76 18 28 53 71 36 15 41 29 49 81 84 64 64 
51 82 53 74 79 39 36 48 26 83 73 32 25 62 79 15 52 7 86 0 60 29 64 48 43 81 36 26 74 16 75 25 54 79 62 96 64 61 62 82 95 20 95 47 20 99 99 36 17 32 74 95 56 41 55 79 74 69 55 32 68 99 42 6 46 68 79 12 87 49 44 88 82 35 
71 30 38 55 77 66 97 58 37 91 67 23 26 30 78 13 16 48 54 11 93 67 23 77 93 16 35 53 24 63 39 84 80 0 98 8 81 3 49 39 6 55 37 42 75 67 5 71 34 61 33 93 31 81 1 23 10 58 41 40 84 68 9 74 50 2 93 16 95 30 39 79 6 60 
63 10 27 0 80 22 22 72 17 29 97 22 81 33 72 47 40 25 16 38 66 9 98 23 94 9 23 71 44 64 35 9 1 98 85 16 60 47 38 29 93 15 59 76 25 64 2 50 45 66 10 68 14 66 63 93 34 85 24 67 44 13 27 16 62 55 11 55 64 36 57 60 89 66 
73 94 46 74 89 80 19 13 84 72 55 48 57 21 4 93 31 8 7 31 29 22 74 30 87 49 55 16 95 60 51 0 87 24 88 86 76 17 79 96 67 82 18 8 36 62 21 5 76 60 85 36 29 98 78 81 6 58 15 28 1 98 56 52 20 26 31 53 71 76 85 45 27 84 
15 77 93 50 96 50 11 53 83 28 44 18 74 57 0 66 70 83 94 37 6 25 9 72 96 74 70 78 16 49 40 67 34 83 27 90 50 73 39 77 43 82 97 55 73 58 44 10 86 38 30 90 5 21 98 91 9 42 50 27 88 60 45 76 23 91 31 1 23 5 25 75 62 50 
60 72 92 68 99 85 86 76 49 65 56 6 66 66 75 67 62 22 98 78 7 38 26 36 99 4 54 17 37 36 21 21 42 35 2 67 66 91 53 17 80 66 4 53 99 60 59 72 78 88 58 31 70 49 88 14 61 99 87 73 7 66 70 30 90 37 16 11 6 32 1 86 34 68 
32 74 75 83 23 94 98 81 19 78 38 37 63 70 92 98 91 80 63 39 74 57 80 77 37 60 6 60 77 38 39 51 25 77 75 26 76 48 79 16 81 37 31 18 56 60 81 16 42 76 0 5 34 51 28 17 98 93 57 99 49 38 12 81 26 10 99 50 23 63 32 86 33 51 
0 97 59 87 30 21 23 71 59 74 4 91 83 30 95 96 74 34 93 49 44 52 96 85 82 33 38 82 29 23 31 79 66 48 17 23 33 87 7 26 96 33 34 46 0 71 87 87 10 79 44 99 3 73 95 86 6 93 19 61 83 18 14 22 33 97 96 57 66 96 33 78 71 14 
6 39 35 69 74 39 73 40 92 61 33 43 94 4 81 85 36 13 33 88 63 73 57 39 26 68 39 5 14 13 4 54 22 42 29 60 33 69 46 84 72 38 35 19 69 69 80 36 51 85 55 40 29 6 45 90 45 40 6 69 69 32 18 47 84 12 52 48 59 55 39 95 80 87 
76 81 21 88 54 92 23 70 37 40 65 26 18 90 31 38 2 61 95 59 2 67 30 89 6 20 93 86 54 6 4 39 88 36 30 48 37 85 55 63 12 18 30 29 53 88 10 29 44 5 95 50 4 49 39 67 19 28 47 82 52 63 96 46 56 21 87 22 39 61 61 24 71 90 
93 75 11 18 24 74 62 8 90 88 87 49 14 65 93 86 52 78 40 64 16 93 75 88 48 70 73 78 28 94 78 25 57 19 95 18 23 96 50 63 63 35 25 35 93 12 78 8 65 68 96 68 97 80 65 52 95 28 71 26 99 25 2 95 35 27 3 35 49 43 39 34 23 57 
12 71 51 86 10 42 65 79 58 90 37 49 94 50 77 72 44 59 52 11 82 48 47 22 64 77 16 8 82 16 30 80 9 17 60 78 95 86 13 10 31 77 33 26 67 38 48 54 26 36 50 70 30 63 20 75 2 48 66 42 42 94 34 42 96 46 39 49 7 30 44 83 31 50 
77 67 55 27 20 98 95 9 33 50 34 65 6 92 89 68 38 98 3 8 50 45 76 29 98 6 77 54 75 60 97 34 73 23 18 26 32 0 52 83 33 70 83 85 58 63 5 6 92 43 5 65 72 47 35 66 80 46 93 4 33 50 59 54 58 38 97 55 97 71 69 32 93 18 
4 64 12 97 29 72 55 62 9 30 33 45 79 49 97 88 52 46 27 42 55 24 62 93 2 21 19 25 41 66 35 46 81 22 35 78 42 80 37 74 66 94 56 71 1 34 9 92 17 24 16 46 18 2 78 31 36 85 40 20 53 15 46 52 11 59 95 86 96 17 93 99 80 75 
1 97 76 53 8 23 20 96 73 87 56 75 42 80 80 10 83 62 69 25 74 17 56 14 17 37 58 87 71 86 72 91 1 82 74 27 90 20 81 48 61 53 44 20 95 29 12 14 94 25 21 48 15 7 83 28 73 67 22 23 55 34 32 78 80 24 45 70 63 48 61 16 33 27 
72 51 15 18 94 63 49 46 61 50 85 81 97 40 70 56 34 91 41 67 38 37 41 74 50 92 27 78 95 77 13 47 54 81 84 97 65 1 65 77 40 40 68 44 16 55 61 40 99 41 53 34 90 44 17 91 89 4 74 62 51 83 44 44 30 27 28 64 98 85 6 46 87 83 
57 59 83 93 93 62 37 47 51 82 26 11 35 1 21 2 40 93 62 86 58 89 98 16 37 99 55 7 7 5 54 33 70 91 66 45 11 8 31 31 83 8 12 17 4 78 12 19 69 30 99 89 32 96 73 60 1 73 31 47 40 22 69 40 0 14 65 80 62 36 71 36 61 99 
35 27 19 55 96 57 42 98 10 49 98 67 74 63 94 34 58 96 2 93 64 39 99 99 33 42 23 39 39 22 93 44 44 80 81 88 18 78 85 80 43 50 91 95 14 89 6 43 77 47 85 37 50 63 51 20 69 62 86 57 43 82 43 74 94 21 82 53 1 72 39 28 99 79 
24 16 88 91 31 87 15 99 20 36 20 14 17 37 21 5 50 51 93 62 39 81 21 54 17 54 47 53 64 87 57 81 68 6 26 75 56 7 16 29 16 36 54 93 67 50 54 79 79 7 60 56 5 86 81 83 98 11 38 64 93 68 33 43 28 37 46 39 0 34 0 93 12 50 
44 37 58 72 47 23 22 37 47 7 57 88 79 19 50 60 51 58 76 48 20 34 23 89 73 34 9 16 4 26 73 31 65 9 15 83 36 74 43 99 47 79 16 4 94 95 17 17 54 53 86 62 41 18 54 90 99 60 46 22 55 86 2 85 90 57 28 41 86 4 45 84 88 96 
16 37 2 34 38 29 66 11 44 79 4 3 92 84 20 45 39 3 45 82 44 5 39 81 18 96 75 80 4 8 77 90 58 3 47 13 33 30 69 74 64 1 9 84 30 86 3 29 27 40 19 65 14 7 96 93 74 92 97 59 41 78 43 14 3 71 58 96 75 22 53 92 80 75 
13 73 71 34 90 61 16 36 56 37 53 23 5 14 94 12 76 81 32 16 71 78 37 44 62 66 0 26 79 4 26 6 39 8 88 6 35 24 61 35 40 19 25 52 13 98 96 44 94 29 64 40 18 92 49 55 99 20 19 51 87 54 48 85 99 7 1 27 50 97 42 10 59 14 
21 64 73 47 18 17 45 68 54 23 43 27 88 67 82 58 65 83 4 11 88 81 61 55 29 78 81 94 3 8 38 3 73 73 77 48 46 58 48 90 81 57 69 91 52 60 46 83 81 95 91 85 24 36 78 27 24 57 98 59 64 78 16 42 26 5 89 13 78 24 72 18 30 74 
35 72 79 51 55 8 64 31 17 90 50 77 61 52 19 1 39 22 25 91 89 42 92 22 36 30 72 58 83 49 0 94 58 38 15 43 53 77 25 42 47 97 68 85 15 62 54 38 13 56 34 59 10 60 42 74 75 16 27 68 55 42 12 81 74 18 38 89 13 65 81 26 20 90 
93 75 18 24 72 64 63 78 87 83 6 12 28 71 70 45 87 79 4 26 37 59 22 27 50 56 70 21 92 38 90 17 32 80 16 15 49 42 76 59 96 6 89 5 27 62 17 59 99 51 12 29 36 36 92 21 73 5 76 77 76 25 47 34 3 15 8 83 31 90 99 91 9 97 
47 24 15 63 56 25 33 78 9 35 9 67 38 72 38 50 27 52 8 89 61 97 93 24 43 35 7 83 37 42 23 31 29 9 83 2 70 3 96 58 82 15 51 50 9 84 88 10 64 27 6 36 56 11 6 60 68 32 59 76 62 84 92 69 90 83 64 19 68 21 80 87 64 78 
78 3 60 49 57 14 30 2 2 47 62 91 82 10 27 2 71 30 73 49 17 1 58 55 65 61 22 67 28 72 1 59 51 96 69 8 60 60 26 84 81 63 69 77 25 50 20 44 66 22 84 70 2 30 46 88 47 10 8 34 66 61 67 55 78 7 30 71 81 44 18 14 31 86 
46 77 58 77 56 79 37 74 77 82 39 85 36 44 21 32 25 16 73 70 97 82 14 77 56 68 47 65 24 60 67 21 41 19 11 91 69 27 16 27 69 17 73 45 63 81 36 33 27 79 25 5 52 40 23 46 75 94 60 63 72 49 66 4 94 55 51 51 26 23 45 9 24 75 
34 27 60 83 84 59 44 82 90 67 75 24 11 82 55 41 87 83 32 82 15 30 52 86 58 29 48 76 15 64 21 12 16 53 21 51 48 67 44 49 40 90 42 3 11 93 43 77 60 20 66 26 50 85 72 14 60 81 33 10 64 76 1 16 13 70 60 21 68 54 45 20 55 85 
41 8 81 39 84 3 67 50 53 87 33 48 82 21 41 20 32 84 16 44 28 4 86 87 0 77 53 22 41 92 47 69 65 20 13 15 86 9 68 26 89 3 9 18 94 94 22 14 65 23 40 66 6 50 20 99 90 66 98 88 82 75 0 9 17 11 6 43 89 25 63 8 47 2 
89 17 12 65 53 30 17 50 76 8 55 92 85 91 16 49 13 60 38 59 87 50 85 72 49 29 61 46 92 34 26 41 86 87 95 71 91 96 62 47 31 44 34 61 47 46 97 97 39 49 5 43 78 99 81 12 10 87 53 8 79 3 6 72 23 45 16 78 32 20 11 12 22 76 
97 93 36 48 1 84 50 29 37 55 98 0 94 75 95 15 86 59 12 44 95 7 18 19 75 52 28 27 37 85 12 25 58 64 10 6 25 55 26 99 24 63 23 14 67 92 11 54 4 3 11 23 22 25 63 33 8 7 11 37 86 43 45 8 13 59 24 43 64 25 58 62 59 59 
65 40 21 4 96 44 27 53 92 64 22 71 55 43 46 81 54 81 61 34 34 23 40 60 93 11 22 24 87 3 94 24 37 46 74 51 98 89 6 8 59 53 88 8 5 57 87 29 79 55 86 58 43 31 57 65 31 59 3 81 64 79 17 1 45 73 44 48 90 17 22 35 5 88 
90 29 6 63 97 24 63 96 49 70 75 47 93 45 53 31 72 55 50 68 43 61 78 73 42 28 60 56 55 24 20 73 74 82 22 33 25 4 95 7 15 79 87 25 68 4 67 62 36 55 92 11 21 54 65 4 69 11 99 74 89 7 25 83 27 78 40 94 70 75 5 60 35 40 
47 88 66 94 36 16 15 21 75 40 47 91 24 17 36 48 23 82 68 30 20 22 70 38 57 76 85 87 31 44 66 14 33 75 34 92 26 69 42 57 62 79 89 49 89 89 83 40 77 2 35 62 82 87 61 10 0 13 51 30 75 30 26 89 36 28 14 4 12 22 4 10 2 28 
79 90 82 18 46 27 73 48 23 52 89 41 86 70 5 86 26 7 19 91 81 8 14 29 60 4 34 15 61 96 34 43 20 76 45 91 97 8 74 70 32 55 15 81 61 61 26 16 66 74 65 46 3 73 39 0 28 43 60 35 9 61 3 71 97 49 32 25 49 80 9 58 70 71 
18 14 60 51 92 89 97 4 99 40 58 89 92 79 60 41 38 2 17 35 69 54 18 23 57 43 21 55 65 13 4 12 11 49 65 34 6 94 53 15 27 63 88 47 17 83 78 62 24 13 52 83 95 78 83 81 58 94 82 0 87 43 91 66 43 20 87 44 77 39 23 33 59 10 
36 93 61 40 91 42 74 67 90 52 5 85 63 76 49 33 95 52 34 40 75 37 36 34 11 73 16 19 31 57 58 55 42 72 64 34 55 34 84 88 20 7 32 37 51 50 61 93 32 54 55 64 96 46 0 8 55 3 48 84 77 23 55 90 79 91 67 9 78 36 86 81 61 60 
44 99 99 57 5 44 69 72 73 95 34 99 94 72 25 16 44 89 88 55 36 67 98 19 86 56 0 38 84 37 85 38 40 67 7 95 79 81 74 27 73 96 44 22 21 74 4 0 62 49 81 17 60 11 79 32 8 21 68 15 14 33 12 62 97 57 27 2 50 61 28 70 59 41 
3 2 27 73 93 77 62 42 36 65 74 37 75 93 34 95 71 63 24 60 99 87 22 57 86 45 66 46 98 99 18 49 75 55 11 61 71 57 5 82 57 92 80 66 72 7 63 25 29 66 94 50 97 79 52 71 65 40 23 40 45 35 6 95 36 54 8 27 62 84 23 26 32 69 
37 81 92 82 24 53 89 25 17 12 18 84 78 95 88 16 32 6 23 53 24 72 49 65 32 14 34 0 11 43 52 80 69 7 63 5 16 77 85 26 67 66 15 38 45 20 79 87 47 28 66 95 76 80 60 10 74 6 28 51 49 43 82 9 16 87 15 37 40 46 91 91 97 70 
98 39 88 24 37 95 7 11 30 90 77 8 11 40 42 44 39 65 58 91 18 16 70 33 66 2 23 28 84 35 52 98 54 25 96 37 60 94 28 26 53 85 71 50 83 19 23 63 39 15 14 34 7 25 75 74 35 51 14 95 35 30 14 42 76 88 4 5 90 18 6 25 73 10 
72 23 47 79 59 20 5 17 92 98 11 29 55 29 11 97 48 99 66 12 32 65 98 93 61 58 76 74 33 25 85 42 45 2 85 88 85 90 87 95 57 2 72 74 2 67 40 79 78 64 51 5 63 95 43 28 99 45 33 27 9 13 81 88 24 25 79 30 29 54 31 96 56 50 
39 70 40 63 49 79 8 49 95 86 5 21 83 49 93 70 83 71 26 34 34 89 77 87 34 58 91 95 41 61 82 29 16 96 17 73 31 67 9 12 2 97 44 50 58 75 95 33 96 72 4 35 31 53 19 35 93 51 59 9 35 5 98 45 46 20 1 58 83 83 41 64 8 40 
42 50 89 27 62 38 49 60 76 57 84 3 67 43 54 93 21 45 67 6 1 12 67 91 12 81 2 60 41 76 60 30 33 86 87 92 38 93 89 41 0 63 94 68 85 69 63 68 61 78 77 77 18 19 33 51 66 11 67 78 21 53 71 87 63 42 20 55 98 37 82 2 57 85 
88 80 35 23 77 72 99 60 35 89 6 14 81 74 88 75 95 65 8 36 9 60 50 49 49 56 39 48 90 48 35 0 22 46 64 87 0 73 63 4 11 44 92 13 55 58 56 89 40 12 95 19 58 19 20 87 65 55 36 44 42 61 86 59 4 20 78 18 20 64 9 34 8 99 
97 72 6 25 3 42 96 16 73 67 30 82 67 40 80 19 37 99 98 22 23 18 67 55 85 96 96 3 26 81 10 21 13 31 83 42 97 81 55 8 35 76 28 59 50 41 2 29 32 3 90 80 0 22 81 78 54 49 74 44 76 97 78 59 15 74 30 18 91 71 15 69 40 94 
81 92 0 54 44 4 6 5 5 30 78 63 57 46 81 81 64 58 80 6 83 61 23 76 71 67 39 7 50 91 37 88 69 52 27 49 97 93 30 34 60 72 62 67 32 66 65 71 98 37 94 21 41 11 98 39 66 47 43 90 19 54 13 60 12 24 82 77 30 32 2 96 15 42 
86 57 20 0 46 81 94 10 67 6 8 8 36 34 38 68 49 3 91 69 13 73 17 74 53 71 77 76 6 71 58 36 72 70 72 81 9 85 42 63 93 8 41 9 0 72 36 72 43 22 16 77 84 10 25 79 92 57 96 99 31 77 1 71 18 28 0 77 38 45 67 90 49 15 
43 73 3 90 64 34 43 4 64 17 3 61 20 52 19 91 38 42 16 69 43 17 90 95 29 87 44 71 57 49 36 55 74 17 64 68 82 82 75 64 34 50 66 80 98 84 93 91 72 20 34 67 93 72 10 93 2 24 48 29 48 82 80 13 31 69 40 35 97 97 61 46 7 44 
96 68 27 59 76 20 68 3 5 34 3 79 76 65 11 56 17 21 99 12 59 85 13 84 58 41 15 65 87 15 22 78 49 49 30 13 51 51 92 95 84 68 13 2 62 16 28 70 32 76 64 84 87 98 84 11 35 2 74 28 79 94 23 5 18 91 24 98 38 22 67 18 31 75 
18 61 94 92 82 31 44 54 61 92 58 80 36 18 38 56 3 33 15 76 42 13 23 26 45 3 29 97 26 70 19 88 35 41 87 57 8 94 58 3 70 61 66 88 6 24 48 50 1 60 46 96 68 81 71 94 9 66 49 47 44 91 56 12 97 24 16 17 10 1 69 14 97 48 
81 81 21 78 4 32 2 25 35 3 20 55 98 59 51 57 88 92 69 19 97 41 41 32 83 3 49 46 10 89 12 96 41 63 13 12 91 81 0 4 32 96 18 76 14 88 1 35 27 25 17 36 91 32 30 72 51 72 72 77 73 19 97 77 56 7 55 29 80 95 64 65 4 79 
86 87 0 39 77 92 66 29 65 50 89 29 18 84 20 54 47 3 13 39 18 23 33 60 77 6 0 44 66 97 39 17 17 22 3 38 28 20 9 84 28 47 60 47 94 76 34 41 14 96 50 31 15 91 7 75 97 7 7 9 97 31 81 53 22 1 24 11 49 4 92 23 66 97 
3 24 78 72 72 72 10 48 53 5 22 83 44 75 19 95 40 26 38 55 17 91 65 42 14 68 26 42 20 69 28 92 71 63 34 21 24 87 42 22 50 74 29 41 99 40 65 3 88 60 90 85 5 32 71 15 2 82 13 48 47 71 29 49 59 87 42 17 37 43 46 58 36 22 
93 47 52 83 77 2 62 32 82 25 4 28 55 88 3 41 95 29 78 24 61 68 12 10 37 14 67 59 54 74 20 45 46 39 87 48 83 46 10 45 5 75 38 90 93 14 83 61 79 29 94 53 48 81 41 6 16 75 42 47 15 16 41 3 88 48 63 77 81 45 21 2 30 80 
71 6 66 81 54 42 19 36 1 45 71 51 87 88 39 96 22 84 4 61 31 88 30 51 78 41 25 67 71 3 76 86 63 80 76 89 65 96 65 7 72 76 85 99 46 44 13 77 35 1 30 64 28 48 85 22 47 53 90 81 63 67 92 87 82 21 93 17 67 39 54 88 92 31 
18 89 41 31 32 71 49 43 15 66 41 87 89 31 14 95 0 11 62 16 74 18 52 41 97 18 9 30 78 57 51 57 66 44 4 22 14 4 76 53 41 87 37 64 82 16 3 66 40 97 19 88 33 83 14 67 62 80 67 71 25 24 3 70 54 73 68 68 36 54 56 44 60 22 
89 21 71 63 6 51 73 62 31 61 78 11 98 67 66 70 60 32 22 51 2 83 45 15 5 12 42 44 38 99 18 53 24 4 98 7 15 65 63 27 13 41 90 68 93 37 76 33 89 58 30 2 14 12 71 51 18 58 91 74 16 18 53 73 0 26 85 49 34 61 14 43 90 45 
79 0 99 82 17 60 57 58 9 55 17 19 73 49 47 9 8 40 31 50 48 9 69 11 93 31 4 58 3 19 42 77 29 41 40 86 63 5 48 50 67 23 9 18 94 93 30 43 97 86 35 30 59 3 84 80 61 82 71 60 5 15 44 33 58 9 65 8 12 29 44 59 40 19 
13 45 82 22 44 62 18 85 89 70 51 11 40 27 99 31 56 8 69 27 92 81 0 43 36 72 91 43 50 13 63 74 84 35 57 53 0 44 79 11 99 87 7 99 34 32 5 21 47 37 1 42 79 1 72 92 82 43 73 29 13 88 45 55 28 40 88 45 35 51 35 86 94 85 
47 37 90 13 12 64 44 52 67 97 53 12 54 2 32 72 49 44 90 12 22 9 4 41 74 67 56 88 60 69 67 78 19 93 95 65 84 72 44 80 26 27 73 40 13 43 96 11 51 23 20 56 34 61 96 89 88 95 16 43 64 28 8 29 48 81 85 40 0 9 89 9 31 41 
63 35 27 97 95 13 31 15 37 54 88 72 24 5 84 60 94 92 43 40 35 7 61 42 70 9 46 44 48 60 52 95 48 43 10 10 94 73 86 48 25 28 61 7 67 56 4 39 92 11 83 75 22 30 58 7 75 26 72 19 50 68 27 56 40 90 87 41 51 56 43 90 5 16 
65 20 27 26 7 44 26 51 18 27 11 58 36 14 90 13 39 56 17 14 72 53 58 65 70 46 12 45 50 88 20 4 60 97 7 96 42 38 25 6 61 6 48 89 78 68 47 3 54 94 54 25 21 54 7 36 86 18 92 1 64 59 67 53 94 93 27 85 3 11 93 7 56 90 
7 54 60 73 81 96 7 21 98 5 0 10 74 59 48 75 2 79 35 6 42 35 22 28 3 14 64 40 5 97 19 82 6 38 82 76 29 84 92 1 79 99 44 62 96 54 88 31 96 3 21 14 4 50 9 31 23 82 56 52 37 2 5 35 83 91 93 2 10 87 82 79 71 74 
18 94 88 97 74 33 12 14 22 55 81 82 63 76 23 10 76 65 74 16 52 71 85 93 12 99 61 1 45 37 52 47 36 89 47 24 94 20 72 51 88 8 78 11 44 61 23 8 67 31 92 32 6 24 59 38 27 66 30 58 96 41 52 77 68 56 72 75 83 59 71 78 81 82 
71 9 23 28 55 95 17 28 30 38 35 28 11 77 11 4 75 2 13 66 46 44 1 91 40 89 95 91 49 96 29 61 23 23 98 91 91 0 98 30 81 22 97 33 52 79 91 92 95 32 62 16 9 57 0 17 19 76 27 5 41 21 34 52 71 15 59 37 40 21 79 85 24 36 
66 2 78 66 47 83 44 2 64 99 11 32 60 7 24 10 14 94 33 71 10 56 38 39 26 35 76 2 99 30 75 52 80 43 92 90 71 29 86 38 55 19 83 67 1 37 19 36 35 57 44 80 72 89 21 49 25 47 84 26 78 45 32 42 88 89 40 86 36 78 78 66 30 25 
0 72 31 14 57 62 1 41 34 92 88 70 47 59 34 55 40 29 77 58 25 57 33 26 45 14 93 45 52 8 62 79 28 7 71 95 18 40 33 61 27 94 35 24 13 18 79 9 21 28 79 36 82 27 18 60 19 11 70 63 15 37 63 51 74 67 20 28 25 58 39 10 51 90 
40 91 78 74 38 75 77 62 0 76 40 34 10 49 10 60 56 51 56 45 49 16 18 28 70 28 31 12 91 29 58 1 11 54 15 83 47 80 97 55 4 34 54 83 38 47 26 5 26 6 22 32 48 10 96 43 66 84 59 26 56 23 12 54 72 70 92 41 80 60 94 40 84 1 
37 11 22 49 99 55 0 84 89 98 83 73 4 43 70 40 69 28 71 46 85 10 0 71 16 40 3 24 58 61 87 66 24 92 45 96 33 49 66 32 23 55 88 38 62 92 8 67 11 97 76 84 93 72 26 72 27 0 73 42 10 20 21 80 12 75 61 2 28 60 61 11 57 54 
68 35 45 99 84 10 38 87 91 80 40 84 22 94 78 80 6 76 55 72 98 9 45 60 32 17 84 43 24 45 30 17 50 82 79 80 60 64 65 12 44 90 34 11 13 48 73 62 38 69 27 2 55 79 6 35 67 23 9 51 63 30 47 42 93 62 99 73 34 30 73 6 2 75 
