95
62 8 64 23 50 18 83 83 19 38 40 38 90 20 74 9 94 56 20 85 7 6 9 6 3 66 12 79 87 92 88 60 9 90 20 12 79 29 60 25 12 76 39 89 95 71 10 26 28 82 43 61 91 36 19 84 52 35 14 60 21 5 65 56 47 16 14 36 91 3 68 8 6 13 74 3 49 99 45 25 91 78 62 18 41 39 98 26 83 77 86 42 49 49 24 
60 25 71 47 63 12 20 23 85 64 44 72 70 72 60 69 27 36 2 78 44 25 52 7 60 97 6 60 67 40 39 69 72 18 12 31 13 45 77 90 32 3 40 14 94 12 20 45 27 38 68 75 88 19 86 33 33 85 59 44 50 78 51 73 21 54 41 58 15 33 49 36 85 66 7 97 25 34 26 53 30 6 17 69 56 31 17 48 42 8 4 53 50 72 86 
43 51 55 35 75 43 82 69 37 91 38 19 14 32 64 59 22 24 20 81 51 34 77 70 36 94 98 21 88 14 12 99 91 38 94 78 12 75 55 68 61 15 58 42 64 0 39 13 55 4 63 60 26 65 82 12 18 2 66 5 62 11 11 39 6 41 94 82 23 94 15 90 89 96 7 82 45 56 36 99 48 7 47 22 90 85 20 4 32 10 40 38 36 38 6 
61 31 49 40 78 81 44 24 64 56 79 36 20 39 48 17 2 38 81 49 6 11 6 16 93 57 38 65 31 53 96 47 69 90 9 51 88 69 93 73 93 6 8 98 84 32 84 80 93 59 5 13 6 97 16 3 75 26 81 65 79 11 27 23 12 27 82 65 59 57 38 50 25 48 50 96 42 28 76 27 37 77 76 70 97 55 44 47 91 9 55 35 51 47 45 
11 90 83 60 90 98 43 17 19 74 25 66 79 82 93 5 23 89 64 69 97 78 54 40 97 56 57 70 84 32 73 13 81 17 49 86 47 7 40 44 91 5 93 80 86 32 37 65 89 49 22 70 13 58 26 26 78 67 82 28 15 48 1 7 83 15 41 2 71 12 88 98 4 60 12 80 14 47 93 70 60 14 41 97 23 54 59 1 16 71 5 2 49 96 35 
44 55 84 67 89 31 62 51 71 1 22 43 77 15 45 73 47 63 63 52 14 22 0 80 65 73 96 68 11 93 24 38 46 95 11 56 38 3 1 96 27 14 56 49 43 24 60 17 64 36 73 20 10 63 97 2 22 39 31 78 96 48 84 31 43 10 76 27 19 74 61 44 90 43 33 22 0 21 42 24 49 9 35 71 73 85 69 41 69 0 55 68 17 61 56 
62 38 23 76 89 68 60 6 19 4 92 85 3 98 67 65 88 75 60 65 19 95 9 8 89 36 10 25 36 85 17 96 98 11 24 94 96 35 70 72 9 90 9 21 19 45 22 10 39 0 44 32 36 59 86 57 30 49 31 68 97 17 27 35 53 10 16 54 66 46 60 43 77 59 66 16 82 19 37 77 14 74 20 3 44 98 1 18 99 59 93 32 7 89 56 
87 73 59 46 61 2 18 97 66 40 11 60 47 92 78 49 26 76 96 62 59 21 15 13 82 81 78 6 26 26 40 96 26 19 94 4 67 93 54 10 75 38 14 41 85 50 10 65 13 50 26 73 51 90 52 27 48 68 86 1 82 83 95 70 26 99 4 97 83 10 27 2 44 27 12 70 50 83 93 22 46 73 28 33 56 84 2 95 34 84 63 13 54 21 34 
2 93 52 12 21 25 65 93 50 31 11 2 51 91 83 60 35 29 55 38 26 72 29 40 72 78 36 54 64 96 13 64 53 36 40 10 44 45 46 15 65 70 97 38 40 76 95 10 13 85 56 29 44 86 91 20 30 69 78 41 21 60 53 6 71 35 17 38 70 92 53 82 32 22 94 34 34 47 69 9 19 72 22 95 95 47 89 3 46 83 96 98 92 25 71 
27 63 62 76 56 91 14 83 66 74 71 26 61 23 10 84 78 94 4 35 30 14 85 20 16 88 32 15 76 84 23 11 49 29 85 24 64 19 89 12 66 92 21 45 3 52 53 53 89 21 95 24 85 35 88 3 24 11 32 66 43 67 63 79 25 78 64 83 19 14 8 98 35 62 0 59 64 58 27 18 81 21 43 97 68 73 55 50 83 80 83 87 63 60 68 
41 66 34 66 99 47 8 12 19 96 87 56 55 80 91 8 33 7 26 81 69 59 12 78 73 9 82 49 24 97 75 6 0 82 40 93 1 2 81 55 30 99 43 13 90 76 13 49 81 70 67 85 22 79 45 90 93 41 26 82 66 67 80 86 84 18 57 76 25 27 13 17 7 10 11 66 36 82 10 25 55 64 72 83 62 30 42 82 89 51 19 73 93 99 79 
0 26 58 44 54 2 94 64 64 63 33 87 49 20 56 56 21 13 51 70 79 50 78 48 2 21 57 98 52 44 4 44 70 41 13 94 56 42 20 18 63 48 85 54 72 84 97 17 11 30 71 33 77 38 58 59 35 21 81 70 9 4 2 75 62 9 4 3 18 19 87 39 91 17 34 36 93 50 21 75 38 50 77 44 68 69 74 55 73 2 12 68 81 5 89 
64 24 30 46 29 57 14 5 15 26 91 4 78 6 35 32 36 56 86 73 8 22 49 26 28 42 19 65 75 8 11 90 39 15 65 44 63 15 94 89 63 88 88 74 88 72 71 55 58 53 21 27 16 37 16 78 79 41 13 85 28 71 46 3 41 63 33 50 59 85 49 90 1 24 79 21 65 7 45 8 12 89 31 58 76 43 31 47 74 43 62 68 39 92 21 
82 56 81 39 56 41 50 85 79 98 46 80 92 94 99 31 97 1 81 64 22 38 70 81 44 98 86 0 1 59 51 10 66 25 0 21 69 30 36 99 21 43 30 15 56 18 72 83 33 51 89 73 1 71 63 0 72 80 77 98 37 16 62 43 86 48 37 73 65 22 38 83 49 30 70 65 21 26 90 90 88 13 23 65 65 14 66 38 49 62 61 69 36 67 56 
40 77 21 31 34 78 52 23 93 28 64 95 93 43 77 28 27 74 7 26 4 95 52 7 4 15 41 85 72 85 96 93 35 64 73 82 53 62 60 49 0 24 50 51 40 69 88 80 80 36 88 99 87 42 84 82 22 12 6 66 63 41 42 72 94 8 30 83 24 38 47 86 21 11 74 85 4 84 50 20 43 52 42 80 53 75 56 67 47 81 35 39 74 0 70 
71 82 22 77 25 49 21 61 96 12 32 50 2 7 59 12 26 73 80 48 49 82 86 32 66 36 95 18 24 33 29 19 80 15 81 63 33 16 32 93 37 45 3 28 65 29 83 2 88 46 99 30 29 34 66 45 79 54 29 1 74 1 1 46 64 17 41 22 74 43 35 56 26 11 53 38 18 60 36 99 83 17 77 84 88 54 4 31 21 58 50 34 84 49 15 
46 83 15 22 24 20 68 1 53 43 48 88 42 74 70 81 7 87 52 62 62 70 81 92 81 58 83 21 88 39 38 77 28 81 27 48 63 48 34 19 1 24 34 62 10 37 50 83 79 48 33 50 20 84 31 13 35 28 60 99 90 14 27 28 87 22 39 19 93 5 14 61 79 13 21 86 21 25 84 6 27 54 73 94 54 50 25 40 2 52 56 53 98 65 32 
67 16 66 44 76 96 88 46 10 88 33 87 96 26 64 21 9 42 53 20 4 40 91 74 49 54 71 44 92 27 33 25 32 58 81 53 58 34 0 52 43 32 90 55 96 95 18 28 78 69 33 89 86 86 7 42 3 66 59 52 38 28 25 54 20 66 39 24 96 13 98 67 4 13 31 48 82 15 66 25 82 11 29 33 87 68 95 57 63 11 37 3 77 63 70 
96 15 47 15 47 96 51 49 0 8 2 71 23 10 30 48 57 92 48 71 76 27 90 14 20 9 8 97 7 4 31 87 98 4 46 7 75 18 27 85 62 28 13 67 15 77 31 69 22 94 50 33 10 26 73 76 2 68 94 74 14 31 48 37 61 20 95 53 99 80 72 82 69 4 6 20 70 26 88 56 58 48 78 29 87 17 7 10 71 41 60 46 33 7 14 
46 15 38 33 87 53 31 52 14 5 95 6 80 38 17 28 82 21 72 15 81 74 34 17 79 0 64 91 12 19 94 45 49 82 23 72 35 87 84 34 82 39 98 85 8 68 34 59 6 77 60 47 94 64 91 51 68 71 8 22 3 54 2 52 3 42 79 46 90 10 98 98 36 14 65 58 4 92 85 41 8 4 60 38 48 93 63 50 0 51 42 22 41 64 86 
53 78 13 93 92 40 98 13 36 11 10 23 66 64 66 62 98 57 69 57 81 15 5 70 44 48 9 66 66 92 34 37 3 74 57 31 64 65 23 61 32 56 92 61 96 0 21 34 82 56 45 19 51 43 43 72 22 83 19 51 35 57 92 14 30 50 93 78 62 53 0 18 97 82 2 70 48 31 39 87 77 82 98 66 57 92 77 53 97 77 43 70 89 36 46 
90 82 38 33 97 89 12 62 52 89 90 58 68 48 99 54 75 3 18 10 77 43 14 1 70 55 79 52 18 26 25 3 6 28 15 78 54 18 65 37 60 51 87 84 68 37 94 94 49 60 96 17 41 88 36 24 42 82 0 75 81 73 56 28 39 18 24 23 22 72 50 1 93 71 65 58 65 82 62 69 89 20 5 93 42 60 48 37 56 80 72 50 92 4 97 
81 60 97 81 56 76 60 25 65 63 61 81 90 53 97 17 61 40 19 56 44 71 52 36 62 14 35 24 84 86 80 16 66 80 45 39 34 73 25 4 55 14 77 42 59 93 26 88 75 80 38 62 49 45 40 70 77 35 33 12 21 93 32 41 30 81 46 54 55 9 4 45 81 2 39 88 82 21 66 28 19 47 83 70 65 35 15 40 39 68 40 86 26 78 76 
35 91 71 88 28 82 95 9 49 12 91 20 92 98 80 76 95 61 51 7 64 6 71 38 99 68 87 23 61 70 24 82 36 67 24 64 36 88 8 94 40 83 74 54 6 39 62 85 98 57 6 34 65 30 82 20 99 23 18 73 90 89 5 7 74 23 69 28 63 6 76 18 26 8 33 94 52 45 25 41 68 2 59 77 60 65 79 25 32 66 95 92 51 75 50 
33 87 34 47 13 11 69 14 79 15 17 62 56 41 89 3 91 51 73 83 38 74 41 16 99 74 39 24 7 35 69 18 52 9 98 53 8 47 37 71 1 55 19 92 56 70 30 93 79 62 74 48 74 2 40 2 60 73 39 8 69 15 62 35 11 37 25 75 31 56 56 59 45 66 22 39 71 89 84 66 58 60 20 96 50 25 73 88 84 0 65 60 76 26 6 
54 11 95 88 41 31 25 84 49 15 71 25 80 23 26 75 75 64 11 93 21 28 53 93 43 92 37 59 86 3 13 94 42 12 7 71 91 33 47 76 98 82 48 42 57 49 91 96 20 24 37 27 69 22 61 22 23 83 26 7 51 6 95 81 8 93 29 1 78 87 53 88 42 75 79 19 52 30 23 54 17 54 68 59 71 26 46 30 64 14 13 42 76 37 89 
31 96 14 32 32 12 95 7 97 80 77 46 1 59 28 43 25 81 12 94 12 35 54 98 64 81 80 0 20 92 8 17 68 33 28 14 34 83 75 90 82 57 77 99 91 48 48 69 50 0 75 92 8 66 68 73 77 35 50 36 72 51 11 66 37 64 74 30 64 14 41 29 31 52 2 27 95 62 11 73 20 32 22 74 41 58 54 22 76 1 84 77 0 45 82 
17 17 93 29 19 81 13 52 89 56 59 81 54 27 6 75 46 79 39 62 4 40 49 39 5 49 12 21 27 46 6 29 36 64 91 17 10 39 28 39 49 26 68 53 36 84 86 6 28 51 49 34 30 53 14 66 23 20 0 93 94 91 35 40 7 35 87 77 60 76 32 88 73 60 7 3 89 2 72 66 67 81 96 28 47 96 57 97 15 38 60 14 42 90 11 
23 85 49 53 66 15 33 91 70 98 2 9 94 9 61 62 73 24 64 94 20 73 0 42 71 58 38 77 29 43 93 73 70 66 82 80 55 24 74 7 40 43 37 58 75 79 16 34 10 23 72 47 75 83 6 41 63 26 24 3 64 33 30 87 97 86 50 61 36 11 74 15 44 49 56 62 78 9 16 39 0 67 33 21 72 88 2 46 27 74 56 5 23 15 46 
28 0 63 26 44 71 48 63 43 73 79 95 36 9 82 57 25 77 60 4 74 84 13 40 14 38 56 31 24 17 71 13 49 67 26 33 52 9 47 95 19 95 46 82 25 15 9 39 65 68 67 32 38 47 3 56 20 40 88 68 96 75 63 67 80 83 97 31 74 5 47 71 55 66 72 70 48 38 11 9 13 28 99 86 11 12 48 89 48 21 34 7 84 16 44 
75 91 34 7 37 70 44 74 23 68 29 64 2 62 15 1 8 67 87 32 8 42 11 77 60 30 49 87 1 69 13 66 2 48 77 5 73 99 9 31 10 36 2 55 78 43 1 25 49 86 40 51 84 98 41 70 85 86 43 79 65 59 49 94 32 45 96 2 66 62 74 29 93 33 36 79 6 19 88 0 53 5 67 72 42 53 62 95 60 4 5 80 75 1 33 
58 45 45 20 22 1 67 83 1 0 50 7 64 51 93 9 66 67 23 68 45 12 64 65 12 60 25 18 89 31 72 65 82 60 68 39 82 48 1 49 32 19 51 63 1 60 17 12 42 85 41 7 0 84 79 3 84 42 3 30 79 54 56 32 28 15 11 71 70 37 41 43 92 42 68 68 78 50 25 56 74 53 92 24 85 97 61 55 45 38 48 94 88 63 60 
78 23 76 12 34 48 99 6 54 38 36 14 58 0 67 47 98 57 77 5 94 75 91 71 30 33 56 27 84 72 71 69 8 67 40 93 65 83 11 57 86 50 18 43 74 18 45 40 57 58 77 59 95 86 3 0 71 46 20 84 33 53 24 34 86 7 38 77 49 80 51 34 78 8 36 49 14 89 55 15 86 75 19 33 31 75 48 62 39 26 29 4 89 22 56 
1 91 96 68 72 89 81 78 93 62 39 82 27 83 7 46 5 92 30 61 97 60 65 22 78 61 98 52 65 44 32 74 15 75 15 52 66 76 41 40 77 48 1 48 89 29 63 69 38 44 1 76 27 31 57 69 47 42 46 21 41 26 29 86 91 7 42 79 99 92 17 82 47 81 5 49 3 88 54 4 9 62 50 36 81 20 10 78 87 41 87 84 6 28 29 
25 27 75 70 89 67 11 68 67 30 39 58 78 25 93 3 19 3 37 30 69 56 99 64 96 3 35 34 56 74 32 3 94 96 82 83 13 51 3 23 55 39 58 2 43 96 42 71 23 20 57 37 30 77 96 28 28 58 68 26 66 44 35 23 49 97 93 69 28 78 3 77 54 14 29 15 39 99 12 52 55 31 91 47 52 39 95 57 76 41 99 62 2 93 18 
34 39 60 83 0 11 48 62 34 49 15 37 74 24 21 56 93 79 69 87 92 3 90 89 51 46 56 40 74 72 95 95 63 55 26 77 60 47 57 18 91 83 65 69 71 8 32 68 35 43 78 88 75 23 82 32 95 85 47 44 65 92 20 43 54 81 26 94 5 11 77 2 7 60 64 14 22 60 63 5 25 64 93 86 30 64 43 41 9 66 93 15 49 89 2 
91 8 37 78 43 6 30 32 14 27 81 34 27 71 68 47 24 56 13 3 70 48 25 70 20 96 31 10 32 44 8 15 69 36 92 95 96 13 75 91 26 30 81 5 41 54 19 66 3 75 30 28 8 76 27 9 38 4 66 44 60 51 1 86 11 67 69 8 52 88 95 28 21 88 24 54 88 7 51 70 56 58 4 15 51 23 82 42 33 86 99 89 46 79 88 
71 43 20 4 46 99 36 62 49 93 50 62 28 71 61 34 78 21 30 2 81 0 78 54 48 75 13 0 90 11 66 53 63 63 91 18 81 18 34 23 93 93 75 4 64 54 62 57 65 36 30 92 5 34 39 74 11 38 41 35 74 34 45 91 96 29 41 29 81 4 0 12 0 81 64 33 54 34 69 99 53 92 19 50 57 38 23 39 67 48 39 11 14 44 4 
67 8 35 50 27 33 10 99 7 95 73 12 5 97 39 97 22 38 80 0 65 59 11 10 2 97 83 62 65 66 16 99 65 86 32 28 96 65 68 99 57 96 97 27 37 54 64 27 72 50 10 65 28 47 14 28 68 91 41 35 67 5 55 37 32 66 43 98 50 3 77 75 57 45 5 26 56 81 81 19 2 19 69 19 15 86 6 36 32 31 40 85 95 16 36 
88 94 28 34 17 99 49 78 85 33 37 66 21 74 29 36 29 48 39 56 14 19 84 4 80 92 40 94 32 76 43 64 62 93 32 16 27 7 27 34 52 79 51 34 50 11 3 62 89 73 0 65 68 99 97 96 99 33 26 89 85 67 85 55 49 46 58 5 59 52 35 54 59 8 30 10 67 20 59 37 39 23 73 75 59 51 0 77 4 43 77 59 35 83 71 
15 47 53 35 12 2 44 47 13 32 52 19 94 32 40 88 9 67 44 58 6 27 47 94 27 81 62 33 75 11 76 57 27 34 37 74 7 71 54 63 36 77 70 47 14 88 91 7 17 21 61 88 70 63 20 14 79 24 98 63 45 32 54 54 57 88 8 91 89 95 66 21 62 27 76 35 75 99 42 80 70 44 26 41 46 59 1 93 9 30 10 53 52 67 6 
11 14 50 56 30 38 17 33 71 68 71 88 61 39 98 79 38 32 6 18 23 4 47 74 67 84 3 67 25 62 55 15 83 61 28 66 23 86 93 26 61 33 59 35 87 91 56 41 98 53 13 70 84 31 93 52 36 68 75 65 62 46 64 73 32 90 6 5 18 57 20 89 93 14 28 17 80 55 73 5 7 28 43 90 22 31 78 13 23 46 42 71 40 72 75 
45 52 86 31 47 28 27 1 14 25 6 14 13 81 24 74 93 55 75 74 66 21 64 40 0 29 54 4 87 44 52 39 25 43 25 69 2 43 52 93 46 97 58 28 77 52 76 83 71 0 54 83 62 15 14 2 98 89 19 85 23 76 14 32 43 38 22 27 91 77 24 43 96 18 90 24 35 78 13 54 90 70 70 38 49 57 45 5 65 32 70 97 0 6 22 
71 71 37 22 44 38 77 39 7 76 60 49 17 3 84 73 25 91 82 79 15 28 40 30 88 32 86 90 91 66 52 36 59 11 4 76 14 30 7 49 66 67 67 31 54 55 89 22 44 8 20 16 98 79 30 23 16 23 26 60 89 32 16 4 77 57 50 21 7 65 4 58 51 40 74 29 53 90 69 82 38 64 40 61 15 18 13 13 47 38 93 23 69 80 1 
46 84 28 56 36 32 65 46 23 83 3 94 95 0 71 32 63 31 79 85 23 58 69 96 56 20 98 31 8 28 36 11 86 61 13 53 62 53 71 7 98 77 68 59 0 56 7 26 95 56 34 88 10 66 43 68 88 57 66 55 15 30 8 11 8 71 59 18 91 34 10 25 60 49 60 20 37 1 45 16 24 88 4 60 81 29 89 59 38 42 14 38 55 8 58 
51 16 70 54 59 18 3 92 34 9 84 86 30 25 91 75 52 93 48 41 82 25 77 47 42 92 35 43 84 68 36 77 9 22 15 14 68 63 84 63 85 78 21 94 60 13 62 35 8 81 75 69 86 21 95 77 46 31 41 64 8 23 54 84 96 30 33 8 32 71 89 20 15 69 93 17 95 76 78 18 43 54 53 97 23 26 32 26 62 68 60 9 51 20 28 
96 24 5 45 83 84 58 6 7 62 15 71 26 95 27 95 48 97 47 23 24 35 91 22 3 46 81 54 43 77 54 85 25 45 85 38 91 27 35 26 79 36 53 44 29 96 53 61 1 66 72 88 22 15 21 26 4 38 79 9 96 69 89 61 14 51 31 96 8 2 14 59 6 15 25 62 90 5 19 23 88 42 52 13 68 62 91 48 17 26 59 81 30 84 54 
15 40 39 16 36 3 73 52 15 22 5 37 56 30 22 12 87 51 2 85 61 37 14 62 96 78 27 19 53 85 46 29 49 84 39 98 89 47 99 89 7 44 93 11 39 40 9 89 27 92 49 78 24 9 64 22 21 90 35 49 37 15 98 69 97 11 69 46 4 84 33 32 12 20 91 37 50 12 88 62 48 87 54 15 99 76 63 46 85 18 12 47 26 50 97 
55 24 44 84 41 80 31 63 78 72 37 32 49 30 50 76 46 91 46 55 52 45 27 16 50 18 74 45 83 83 41 67 50 46 74 56 69 73 39 16 34 40 80 54 85 77 43 64 53 46 63 56 77 95 13 47 23 42 90 22 83 41 53 83 19 55 68 73 16 56 40 57 69 24 94 47 47 58 2 33 72 22 52 27 66 44 6 3 29 3 29 39 97 43 52 
30 49 59 71 83 32 16 6 10 74 75 80 26 1 70 32 87 63 99 10 5 95 52 87 21 47 59 32 53 60 33 68 87 5 90 59 23 99 22 42 66 98 15 13 11 34 80 23 57 93 9 68 63 96 56 71 21 89 16 7 62 28 48 77 83 14 72 15 0 87 41 19 66 41 59 43 6 89 1 33 60 14 83 13 4 29 59 10 42 0 95 98 60 44 0 
33 78 93 97 29 46 42 62 89 26 73 94 12 15 64 60 37 12 12 35 44 80 86 82 40 89 32 72 97 94 2 55 38 16 54 84 11 85 15 63 48 69 17 42 2 66 86 93 8 80 68 68 78 7 20 20 14 2 56 55 3 92 21 75 7 64 16 71 74 5 89 51 41 64 51 61 49 20 11 81 77 57 60 49 99 81 1 42 99 32 45 4 41 30 21 
96 69 7 67 4 93 66 86 31 27 83 75 16 51 32 31 67 32 35 76 27 30 94 94 30 87 0 98 66 55 72 81 93 54 36 56 61 22 9 17 5 27 85 94 12 30 54 58 63 65 9 55 7 65 15 79 55 71 61 80 55 5 67 59 22 40 36 27 8 31 20 66 5 83 43 28 47 83 98 35 82 93 84 54 11 70 51 28 98 53 1 2 45 74 53 
82 31 18 39 79 2 29 89 24 46 45 41 20 6 50 24 64 80 2 84 77 64 2 82 22 70 60 82 29 38 8 68 74 90 61 49 80 87 32 7 53 16 81 2 91 29 19 40 88 44 79 40 50 62 25 44 35 4 13 24 21 0 37 19 15 0 32 93 96 63 64 34 92 40 5 51 76 3 37 95 27 6 17 81 44 97 70 53 13 66 58 0 89 48 33 
66 85 19 27 0 20 50 72 46 5 77 31 15 63 34 69 15 45 18 42 31 45 29 86 93 98 79 61 38 49 63 78 17 88 70 70 93 30 4 69 24 56 39 94 88 22 5 7 86 30 69 33 89 73 21 5 57 71 60 57 6 2 15 30 61 12 58 86 85 98 92 31 34 1 7 54 32 18 47 35 35 51 31 6 40 53 59 3 27 29 92 59 11 35 69 
15 88 17 26 26 48 55 96 74 94 84 45 56 71 30 98 85 58 22 59 94 59 33 33 28 29 70 32 29 58 58 17 35 96 20 19 26 17 78 10 94 83 97 23 23 50 99 96 96 96 64 1 71 4 40 21 27 66 88 15 62 38 68 78 18 24 87 80 54 13 31 64 82 97 24 60 19 33 36 82 33 91 97 13 56 85 63 9 90 70 53 53 66 33 51 
70 62 24 87 13 11 36 20 12 7 76 65 85 40 28 95 96 40 25 1 48 86 82 97 86 31 53 63 23 26 72 11 68 9 64 60 83 8 45 64 75 9 44 64 92 11 94 20 50 5 52 48 46 83 40 18 65 2 64 73 92 41 42 7 75 4 16 74 65 42 45 61 1 16 22 13 65 15 28 56 72 19 38 43 78 26 19 35 20 85 77 2 40 11 17 
64 20 11 85 70 83 59 68 31 46 43 93 52 34 5 85 78 70 96 90 64 12 23 43 60 80 70 18 32 72 56 58 69 72 86 2 22 70 65 9 23 58 87 40 10 65 15 30 91 68 18 21 40 45 2 91 96 44 54 14 38 72 57 84 31 9 68 22 7 2 19 53 9 77 56 53 25 74 59 11 83 50 66 85 68 64 24 16 68 90 37 57 8 91 93 
48 93 4 86 51 90 37 18 60 68 55 66 40 22 16 4 75 69 91 67 40 98 13 44 1 8 97 87 75 81 1 64 10 0 49 72 88 33 62 77 49 12 23 49 59 57 67 51 3 78 49 70 64 36 81 27 19 66 36 43 37 15 6 39 34 23 64 86 34 22 70 52 73 34 55 40 71 23 68 94 39 81 66 44 59 16 15 7 94 65 69 47 37 73 23 
97 51 35 69 60 3 35 3 95 0 62 49 24 97 22 62 19 91 10 11 55 24 4 56 70 97 99 22 1 9 47 88 46 45 95 76 53 41 78 28 2 45 67 11 9 44 0 58 90 54 23 77 15 87 46 63 68 30 80 97 77 52 9 60 86 58 32 20 10 6 25 22 70 97 98 31 63 4 51 55 89 40 57 2 14 77 24 57 51 34 41 44 25 62 71 
19 94 52 94 63 55 56 14 96 54 96 22 34 73 1 80 86 14 59 79 59 10 0 96 36 49 64 26 68 47 7 53 54 57 52 88 35 16 54 67 23 15 61 64 36 72 71 80 89 92 1 74 68 12 98 36 31 53 14 98 21 28 15 91 32 75 1 34 10 92 9 86 62 64 21 23 17 88 98 25 3 88 38 29 24 36 74 19 84 55 9 61 91 8 7 
57 77 65 36 77 14 12 55 46 74 85 35 96 5 45 63 33 69 52 68 53 53 66 40 52 35 40 12 80 6 35 81 71 26 30 21 41 4 20 18 10 53 10 73 54 84 19 64 31 61 26 17 57 18 25 84 49 72 19 36 51 73 1 11 33 90 86 23 1 48 64 48 32 34 79 84 90 93 17 99 90 7 37 1 47 74 86 62 5 80 48 81 97 38 1 
84 23 34 1 27 54 70 56 15 91 6 97 31 72 74 68 11 36 78 94 50 39 67 81 6 59 14 56 10 63 20 88 96 97 77 84 40 91 42 31 6 7 87 11 8 11 38 52 0 52 58 28 66 98 15 34 65 57 75 13 60 44 74 42 99 99 63 50 4 85 36 38 77 52 73 70 64 87 36 17 55 9 56 75 57 76 63 49 46 66 50 33 59 73 34 
42 6 86 85 75 29 71 0 21 89 17 51 20 26 33 69 98 90 69 23 79 25 40 40 49 1 18 52 88 94 13 22 42 91 8 35 36 95 94 1 92 12 96 57 47 24 97 25 21 59 27 79 53 40 42 0 79 14 21 92 60 46 29 91 4 96 50 23 23 20 97 33 30 80 72 76 63 59 30 61 20 69 47 81 76 50 95 40 75 77 87 82 31 55 28 
41 49 36 41 7 59 50 29 18 81 19 9 51 14 26 36 23 20 80 84 60 8 24 11 63 80 22 44 83 80 64 79 12 40 15 7 87 77 61 45 22 31 63 15 74 10 87 33 8 88 44 48 5 22 54 13 35 8 38 44 74 72 50 61 4 55 85 49 26 59 86 22 35 85 3 42 94 70 83 2 59 66 85 54 51 68 72 74 47 61 47 75 20 77 64 
15 69 76 62 76 80 36 61 16 90 70 72 62 58 66 61 97 50 48 71 14 23 0 61 41 3 0 59 61 68 58 68 45 26 28 99 98 42 88 26 46 59 28 8 43 99 59 42 10 12 11 71 64 28 86 86 79 74 49 97 98 34 48 0 26 77 35 50 21 11 19 56 56 42 49 57 33 88 32 86 92 88 70 12 92 10 64 62 23 34 31 93 70 63 92 
96 30 1 61 49 79 71 30 16 51 75 42 5 57 66 41 60 48 0 55 10 86 62 12 3 46 89 64 48 9 90 35 17 10 25 89 83 90 39 4 17 35 22 42 50 17 84 47 5 38 70 52 9 90 19 54 34 11 56 46 32 55 80 68 55 54 38 24 24 32 87 49 48 43 70 55 99 94 38 37 57 24 8 10 93 40 37 0 22 15 91 6 31 65 92 
76 74 65 49 78 5 71 6 18 89 92 21 91 9 84 97 39 7 13 80 85 6 32 53 16 45 81 54 40 39 97 58 81 41 76 48 91 56 29 20 46 64 81 45 87 50 51 48 81 65 23 55 21 93 2 7 53 20 34 17 59 50 28 7 5 57 66 80 31 43 56 93 53 88 38 4 15 11 28 51 80 32 34 9 89 0 71 70 55 50 26 72 76 39 26 
10 28 85 28 1 25 48 71 62 59 74 93 8 71 93 97 43 42 11 91 94 55 97 41 18 43 8 96 91 55 99 44 44 32 74 29 99 66 25 77 31 89 53 27 2 18 67 47 88 70 15 22 22 57 99 81 75 60 94 88 9 48 64 0 84 91 12 74 65 70 29 8 90 62 62 3 95 53 93 75 64 5 39 66 60 55 34 99 46 2 72 91 28 99 40 
8 3 16 7 22 53 85 69 43 94 23 65 35 9 72 95 7 30 13 61 59 90 55 35 0 11 1 57 85 91 19 21 90 84 36 30 86 62 14 7 6 56 42 21 63 64 7 41 69 87 57 18 86 82 43 84 42 61 58 2 73 25 53 9 60 83 17 62 49 91 42 56 45 18 21 88 48 50 66 52 63 1 69 6 91 86 96 95 30 68 16 42 12 99 5 
71 20 21 49 18 68 78 9 45 28 28 7 27 1 30 8 78 19 72 50 92 97 72 54 82 37 68 91 2 81 17 99 11 40 5 7 7 35 5 67 53 70 84 25 1 79 60 50 37 31 74 23 77 45 2 69 23 73 90 88 50 41 12 50 66 38 7 60 85 21 85 56 44 45 5 53 60 90 71 60 16 69 42 64 57 82 54 68 5 8 2 14 61 39 66 
88 6 4 44 35 47 86 30 67 10 0 0 77 68 29 9 54 55 91 5 93 27 69 61 85 73 0 87 5 36 8 59 27 45 76 75 72 90 35 32 97 43 35 83 40 91 60 12 7 86 63 57 83 36 97 71 10 49 95 57 33 27 51 25 32 78 96 69 59 34 4 79 66 52 18 14 7 99 60 73 72 82 40 54 33 11 67 56 71 70 99 37 15 13 25 
39 86 65 39 5 89 66 24 43 82 27 66 0 37 40 1 41 26 49 1 10 51 94 22 51 62 33 46 34 66 95 17 57 75 34 96 64 49 24 59 4 28 14 57 73 70 36 58 34 2 57 56 8 22 11 59 46 57 5 42 32 62 29 52 50 41 5 5 9 83 17 59 29 34 92 72 74 70 85 0 13 23 49 80 29 65 18 78 92 42 62 25 64 32 74 
61 32 13 22 69 36 91 96 93 4 82 45 71 10 70 95 14 10 99 33 93 15 28 24 58 20 47 68 90 69 58 47 77 29 27 78 80 86 46 79 60 15 85 93 14 21 93 84 53 56 91 57 15 46 43 73 95 88 32 52 8 76 22 36 76 54 94 88 82 58 55 50 13 28 10 25 57 76 19 30 64 93 39 29 5 89 35 65 42 10 55 60 41 8 52 
4 17 59 23 12 22 40 74 27 15 25 23 83 29 18 17 21 48 96 39 6 93 28 63 51 63 91 38 18 48 33 46 64 65 1 47 18 78 57 84 4 15 87 62 45 68 48 82 42 56 56 7 66 70 8 19 87 1 79 78 12 65 84 26 55 19 85 87 34 77 57 8 61 96 82 52 70 59 97 94 53 45 79 22 43 96 68 47 95 65 26 47 28 96 97 
8 75 15 18 26 24 75 83 38 43 56 94 0 38 83 50 17 22 46 63 29 44 51 8 64 1 2 20 1 65 68 50 86 62 90 43 91 81 72 87 75 10 47 23 60 97 42 90 28 76 76 25 92 5 63 41 69 42 60 17 51 4 3 70 66 40 72 32 57 71 16 17 49 62 2 5 46 0 65 21 90 36 59 89 82 90 24 2 55 73 45 13 78 59 8 
62 31 18 28 4 37 44 27 54 66 66 80 20 7 69 97 36 39 98 58 32 57 96 34 80 76 55 94 84 86 64 7 88 17 44 83 17 99 23 29 66 94 91 30 67 11 38 0 66 91 45 97 23 11 29 81 38 62 16 58 45 91 53 28 43 29 54 12 73 30 80 75 20 7 69 36 20 22 9 96 3 91 78 13 97 53 75 1 89 65 39 94 30 80 92 
11 52 10 59 92 94 75 92 11 0 79 99 37 53 51 60 27 8 82 60 30 5 59 97 79 8 83 74 81 1 35 80 60 98 0 92 22 18 51 9 98 54 93 34 10 95 3 59 39 81 32 28 15 99 84 15 17 51 18 18 73 75 18 6 43 78 47 48 63 66 64 33 68 19 86 5 86 75 34 12 58 48 26 34 28 2 1 81 60 23 73 26 34 4 46 
36 69 95 20 16 99 82 2 50 29 35 4 38 33 55 56 52 30 19 51 30 31 96 18 71 72 79 76 4 33 73 10 3 64 13 46 60 1 34 43 46 18 13 73 50 25 40 13 80 82 54 59 3 81 23 59 22 34 47 24 0 77 24 36 72 81 13 34 20 81 42 29 68 49 97 4 36 19 18 56 7 33 44 86 2 29 77 48 4 80 28 36 56 47 57 
42 50 52 58 50 3 44 22 53 49 3 8 58 42 14 5 22 56 53 37 13 98 52 68 12 67 19 54 28 2 95 2 81 49 69 49 32 94 10 1 71 7 69 89 78 21 31 1 67 62 29 78 15 0 13 85 9 82 84 35 48 38 0 90 57 13 33 5 63 64 66 9 82 60 25 4 44 92 73 85 23 74 25 74 45 8 17 24 81 5 9 26 73 2 46 
41 29 62 94 82 32 38 72 68 56 70 12 10 68 8 98 71 85 49 97 74 37 57 7 57 20 33 12 56 94 83 39 78 31 57 85 45 97 12 93 32 99 47 75 82 63 89 22 1 26 36 68 9 81 64 53 32 60 40 75 39 31 44 12 87 65 16 59 61 88 85 89 23 92 42 60 45 28 75 98 9 62 1 88 63 80 5 95 56 39 52 52 19 53 35 
75 54 44 13 14 71 73 42 31 94 3 83 1 82 39 69 17 61 17 78 16 89 43 91 46 7 86 47 61 98 79 5 28 52 43 71 35 46 46 39 32 17 23 75 13 22 85 72 68 74 99 98 84 18 16 44 46 36 57 47 0 99 65 86 78 13 16 98 55 62 45 99 95 84 37 16 11 32 56 51 55 64 91 33 76 55 97 53 14 86 40 35 19 31 59 
77 98 33 37 54 48 16 25 67 81 27 5 92 5 68 10 87 49 55 82 4 52 71 37 37 26 15 30 20 96 92 10 43 99 72 59 64 88 15 79 7 33 18 75 50 5 91 47 36 94 35 16 9 84 39 61 34 23 25 93 16 22 98 89 0 10 90 86 18 65 40 1 66 32 73 79 57 53 92 77 29 67 64 45 90 24 1 52 56 45 49 19 77 92 63 
0 51 31 23 81 26 73 50 1 1 17 36 92 44 20 67 78 71 28 86 88 25 96 92 86 13 47 55 76 41 72 78 32 73 28 47 18 35 7 5 10 32 61 90 24 92 90 25 46 18 20 92 95 40 76 33 35 99 50 87 78 90 85 44 40 13 64 25 75 5 70 22 45 42 88 13 32 70 30 78 67 29 76 24 16 18 77 50 24 62 13 29 59 55 99 
43 80 64 65 55 33 28 12 13 57 44 69 83 11 23 78 20 83 41 19 96 87 4 81 95 96 15 40 21 25 88 41 63 36 6 19 87 96 24 12 44 34 82 36 29 12 86 57 89 53 34 98 2 58 16 45 39 95 2 21 87 49 98 37 67 21 39 67 7 87 38 85 85 48 67 66 19 74 30 87 17 37 23 52 80 83 24 21 90 54 43 90 58 54 35 
2 63 86 22 81 21 7 64 1 80 52 88 11 9 50 62 8 59 72 65 42 83 76 2 62 13 80 77 27 24 31 41 92 72 67 52 12 74 60 36 75 40 73 9 34 7 40 11 20 71 89 8 7 43 51 12 6 83 29 57 33 59 35 98 3 49 13 0 53 58 54 13 3 37 43 37 76 69 60 78 7 2 12 23 44 84 48 17 86 36 57 27 83 96 99 
60 51 74 19 95 55 5 17 59 41 60 3 41 8 11 29 8 65 95 85 95 61 98 89 65 63 1 5 94 14 72 95 6 36 44 29 57 62 79 32 66 65 44 67 21 94 29 44 87 58 51 17 4 5 5 52 9 83 98 24 43 41 53 70 45 26 2 11 73 8 36 93 51 23 1 65 40 40 58 57 1 2 1 71 5 64 85 58 95 31 89 30 9 53 52 
42 83 97 13 42 84 2 51 73 16 38 8 69 11 67 32 8 29 53 45 7 79 95 41 51 93 76 65 55 18 82 17 49 50 33 4 1 66 19 54 27 23 24 41 57 81 14 33 5 3 79 32 50 37 66 75 39 34 80 31 8 88 15 20 80 88 82 80 96 7 0 83 98 83 24 18 55 87 86 87 47 72 48 77 15 1 84 5 97 94 9 25 52 67 81 
49 3 31 65 8 43 34 64 92 37 64 7 98 39 49 94 0 59 26 88 69 90 64 81 5 74 89 78 38 35 24 3 59 5 26 52 28 11 47 33 39 21 14 23 86 51 83 44 5 69 47 64 99 75 13 50 5 98 71 78 63 82 15 57 44 8 21 44 93 43 4 59 69 62 86 93 72 29 12 48 78 45 65 74 39 63 58 23 46 53 16 75 99 52 3 
44 94 38 9 53 10 31 79 83 22 92 50 89 15 44 37 15 75 10 14 79 98 89 24 91 36 43 33 79 35 89 82 36 27 51 80 12 83 68 4 76 50 70 52 95 28 28 57 32 40 94 25 35 60 65 10 51 35 87 5 8 86 57 65 20 13 45 36 11 5 5 97 19 5 13 99 23 22 10 57 48 29 91 31 7 71 44 98 62 35 42 0 5 56 13 
99 57 77 51 60 75 88 26 28 76 23 81 47 98 6 81 37 39 9 57 86 97 97 97 41 85 96 64 74 6 22 48 98 26 27 16 44 73 6 4 49 82 92 50 72 2 79 89 56 16 22 38 84 7 78 44 98 51 9 37 27 66 63 35 27 4 83 81 28 55 22 41 74 1 23 84 34 44 45 78 31 96 78 44 55 47 57 41 87 29 4 0 27 71 80 
96 37 15 61 33 0 79 65 19 41 35 30 94 85 28 61 89 38 78 47 89 85 42 2 57 1 6 55 2 7 20 20 13 81 61 13 14 1 11 69 14 2 89 87 1 50 51 62 93 69 50 95 62 53 85 62 75 87 99 44 19 42 53 67 13 83 93 91 38 81 77 90 72 82 25 36 33 24 99 13 82 3 10 75 74 83 74 60 75 78 76 13 87 11 18 
54 97 86 53 35 30 90 23 78 71 5 35 63 70 87 30 93 5 64 95 47 76 96 75 12 85 46 76 79 78 80 59 40 55 19 37 8 26 43 75 16 70 23 66 41 87 67 86 14 85 62 96 51 95 30 31 95 30 19 67 58 95 61 48 98 1 26 18 52 78 24 27 61 54 75 75 26 85 52 65 5 66 63 66 71 24 51 73 92 89 96 66 2 67 52 
9 79 14 62 12 85 82 73 21 39 53 70 69 38 64 22 13 86 76 27 28 55 43 14 79 72 87 41 1 39 98 58 14 87 91 68 98 16 9 58 36 46 37 48 85 21 56 94 64 63 52 56 3 15 60 54 12 10 74 28 71 69 24 24 59 71 51 0 61 13 8 36 87 60 66 4 99 55 21 31 68 22 5 88 18 74 90 6 75 35 24 51 5 92 36 
21 12 83 70 41 64 33 63 26 92 12 46 7 34 47 26 20 59 15 47 51 15 22 90 31 46 74 56 42 74 20 95 33 89 5 48 16 3 94 21 48 78 83 83 64 34 23 32 71 63 17 91 75 34 45 40 70 12 71 55 63 46 44 9 92 66 91 58 37 88 84 28 18 61 19 56 96 0 34 51 8 38 76 67 6 20 21 80 84 9 51 40 44 91 54 
26 26 4 85 83 7 52 45 74 0 76 36 10 95 91 27 31 1 15 28 85 24 81 40 41 84 36 5 95 41 38 12 14 99 97 22 43 7 50 80 8 14 17 61 67 1 16 43 96 95 66 3 33 27 40 31 33 57 87 82 44 68 78 15 12 60 82 2 47 29 27 73 13 8 39 50 29 57 19 50 13 75 74 34 73 53 61 90 18 62 21 89 40 3 9 
