31
67 22 47 80 53 21 73 40 51 52 87 12 10 72 49 8 34 70 24 93 24 31 59 86 74 48 63 59 47 72 73 
91 11 70 54 92 88 71 81 1 5 73 82 64 60 11 91 30 63 30 3 96 24 40 13 55 13 55 94 5 94 1 
75 43 74 83 10 31 74 12 15 35 66 36 88 15 62 82 57 17 45 96 3 43 56 1 7 71 17 66 15 39 52 
70 82 86 43 11 85 20 3 35 95 66 31 11 97 90 80 8 6 98 35 3 54 3 30 39 14 42 91 55 77 50 
56 1 19 22 99 75 73 87 31 88 49 53 99 47 56 51 79 61 7 48 86 69 88 54 33 33 69 75 99 47 39 
63 62 6 64 33 18 91 59 16 34 48 18 77 47 61 50 12 53 14 59 69 37 76 11 26 5 72 56 94 68 54 
10 13 25 0 7 31 39 43 91 7 40 27 84 90 74 55 51 84 19 94 50 75 77 94 25 86 42 51 72 69 18 
36 6 92 79 95 47 69 83 99 85 20 85 60 30 75 21 10 59 99 86 53 48 94 33 81 23 93 56 83 95 78 
98 17 34 88 39 80 89 23 85 11 4 40 33 39 73 73 7 1 9 65 44 60 18 47 50 22 9 14 71 31 39 
78 64 81 32 9 13 2 96 25 94 83 9 93 16 24 83 63 1 46 83 30 10 15 99 42 92 98 46 38 51 67 
96 84 3 4 98 67 37 77 24 18 57 62 40 69 62 36 23 71 51 72 23 11 5 0 79 23 70 27 8 6 28 
16 68 73 32 81 61 79 11 14 25 35 95 82 73 31 7 43 25 55 56 15 58 51 51 50 43 61 12 2 13 7 
86 33 5 65 90 42 57 68 59 89 16 67 63 5 40 67 75 80 82 55 48 38 35 5 10 26 69 45 99 54 86 
15 57 58 7 31 18 93 21 2 45 28 84 64 74 56 44 6 34 99 81 8 4 35 4 7 32 70 47 46 95 1 
71 48 18 96 40 68 55 64 71 29 73 89 97 51 91 92 82 50 52 68 62 94 72 52 55 4 47 13 89 54 91 
22 75 33 99 2 38 8 14 33 29 45 67 8 99 51 31 35 54 97 61 81 97 1 87 34 33 85 14 64 13 22 
43 69 60 83 9 65 36 39 35 45 84 58 51 20 27 10 93 86 36 61 98 27 59 84 46 9 26 12 68 98 41 
45 85 57 92 64 4 40 98 20 81 16 67 29 17 85 84 69 98 33 47 20 49 36 55 0 60 37 37 15 27 80 
36 37 62 99 76 57 77 76 53 39 24 74 92 20 25 68 10 19 10 64 65 57 99 55 5 52 42 82 55 16 38 
89 19 43 69 4 31 43 86 88 88 90 61 43 21 25 56 52 2 30 88 14 44 33 61 65 86 45 47 76 21 85 
36 65 29 66 31 66 87 65 72 36 11 23 16 67 95 91 32 42 19 3 68 17 40 66 57 41 52 43 52 91 68 
29 47 33 66 99 7 94 50 43 56 1 46 10 80 58 34 70 2 85 53 73 39 40 71 66 48 19 5 6 8 7 
7 29 50 68 58 42 82 60 13 5 4 94 14 73 41 56 53 35 95 25 80 78 1 70 91 91 7 44 9 77 52 
71 17 3 33 7 25 31 23 84 0 15 1 36 58 13 88 52 62 0 29 47 69 55 85 52 2 31 36 3 63 85 
15 89 1 96 8 5 32 81 44 6 58 78 40 58 58 9 21 28 3 75 93 22 79 87 0 7 30 1 29 33 38 
61 86 75 92 49 18 14 98 96 1 90 24 20 99 36 43 47 75 2 97 14 88 63 14 3 29 1 95 69 32 93 
97 54 1 86 18 33 65 39 76 70 43 95 35 27 0 31 88 52 99 95 31 43 80 37 67 83 12 63 23 4 99 
84 33 32 18 47 18 28 8 91 45 61 97 7 72 94 6 66 89 84 52 59 67 5 26 76 13 78 35 1 24 28 
89 33 4 74 4 64 25 22 99 23 41 85 33 20 58 61 92 66 18 50 11 10 83 45 59 45 44 73 35 91 55 
63 13 96 81 85 45 14 96 87 46 82 28 92 12 24 16 0 60 82 68 67 31 48 72 45 81 55 20 12 83 85 
44 84 81 66 28 65 90 61 45 80 85 4 46 64 60 69 89 16 77 74 30 67 85 53 58 7 38 3 38 30 69 
