19
95 90 81 34 15 11 87 64 13 80 20 33 37 77 65 1 13 58 60 
4 77 68 41 66 55 37 2 72 13 17 81 6 28 56 18 78 68 98 
56 33 48 69 29 94 53 22 69 5 26 55 17 58 18 1 96 70 73 
14 7 81 70 62 95 83 22 69 75 14 47 41 70 14 35 4 14 44 
64 0 59 92 61 19 87 57 75 48 46 39 67 49 83 53 51 15 97 
73 28 54 96 10 50 28 36 9 40 27 77 48 8 92 77 58 47 64 
39 35 86 21 69 9 44 85 81 21 36 43 14 41 3 58 49 15 15 
96 50 10 31 88 28 48 22 77 17 81 20 84 93 3 41 21 99 51 
37 21 78 60 85 78 82 35 63 16 53 51 60 13 61 71 11 29 80 
94 43 48 95 27 83 96 9 29 62 59 96 98 69 50 6 41 38 29 
25 30 78 40 57 12 59 86 84 78 17 96 96 17 65 84 45 65 9 
60 10 50 67 51 6 18 77 40 84 66 22 3 60 87 99 53 45 25 
90 55 3 67 72 82 34 41 46 70 41 6 25 12 22 40 78 22 59 
3 69 72 6 27 55 49 42 94 60 49 89 54 83 92 6 55 9 83 
72 94 80 84 34 75 0 16 55 69 41 4 66 4 40 80 90 94 56 
22 99 7 5 26 24 47 41 82 22 6 95 15 39 93 29 77 17 52 
81 88 82 12 18 11 83 69 43 33 29 96 93 99 40 25 20 73 91 
41 83 81 46 48 23 86 87 28 39 6 56 56 85 44 74 57 95 69 
15 92 89 38 46 90 71 34 51 16 94 23 26 78 99 32 2 92 68 
