78
38 47 65 12 21 7 91 70 69 81 93 37 35 68 92 20 67 70 49 35 23 99 93 44 20 54 90 30 72 89 94 76 93 24 62 79 77 10 75 56 79 24 53 65 46 39 0 98 78 97 32 48 19 59 62 46 22 26 61 28 51 44 63 65 21 42 79 64 78 13 97 11 27 97 90 81 88 75 
42 83 88 26 73 14 91 29 61 71 85 9 34 19 91 81 47 42 10 28 17 48 93 50 51 43 61 4 12 68 79 34 98 65 41 10 12 24 54 23 35 23 63 52 6 24 88 87 36 59 29 55 59 66 53 78 94 9 13 44 80 24 90 93 64 38 17 81 38 3 36 10 96 87 10 54 66 2 
5 88 40 32 48 14 97 11 35 73 21 51 83 37 97 14 23 12 8 77 89 46 82 3 39 18 43 25 25 64 86 46 63 14 12 34 36 54 64 55 51 31 14 63 79 52 12 41 82 35 93 90 43 9 40 84 0 11 86 15 59 25 88 80 57 7 83 83 90 50 31 61 64 96 95 44 29 80 
51 59 44 97 0 85 40 51 21 21 66 1 55 80 26 57 58 92 68 65 55 21 88 82 78 98 90 28 13 38 98 18 68 93 61 20 93 59 25 67 16 31 98 60 3 96 93 93 23 17 31 9 62 7 99 51 66 2 90 67 0 81 68 65 18 78 60 51 79 66 20 13 13 81 39 48 73 35 
4 28 47 52 15 43 45 61 92 60 41 40 96 28 75 65 0 5 6 83 37 97 44 88 87 74 72 52 10 28 11 9 30 51 67 36 43 35 28 92 69 18 49 21 71 85 52 18 39 11 46 12 46 63 54 60 52 69 42 20 90 34 51 23 89 81 1 94 32 33 26 38 40 64 54 57 8 96 
25 41 43 90 12 84 64 70 38 74 61 3 46 33 1 52 38 84 0 14 28 98 82 81 45 73 63 34 42 71 18 71 71 25 25 87 36 8 21 24 47 90 48 27 4 78 79 27 28 95 3 11 93 55 68 26 59 71 92 13 79 64 97 64 17 62 66 49 56 16 9 86 83 48 91 26 68 79 
21 8 12 86 30 19 62 10 34 62 45 14 85 0 36 15 35 68 29 52 28 28 10 0 83 80 60 69 96 47 67 90 91 97 4 49 61 47 46 59 5 55 30 85 68 64 30 2 5 95 73 35 41 13 73 55 60 46 79 95 65 42 88 53 20 99 6 22 8 62 29 33 45 35 56 97 48 0 
31 90 98 33 38 75 7 35 2 77 59 40 48 44 68 36 20 29 8 78 59 46 83 4 16 69 5 52 93 84 4 28 41 14 80 70 40 41 56 51 51 32 29 74 95 99 43 36 9 85 20 97 90 90 62 18 57 67 13 23 90 24 18 49 28 20 3 14 71 96 30 68 86 38 26 7 51 88 
21 62 53 30 84 98 9 65 29 99 38 38 31 56 55 79 73 38 78 21 88 93 58 24 75 83 78 63 77 85 13 27 6 35 3 84 95 72 18 59 88 52 75 15 40 63 83 39 52 0 33 9 42 14 34 97 42 58 56 25 34 2 61 1 97 74 24 98 94 90 82 48 47 80 51 86 18 96 
24 43 13 46 0 11 82 87 43 27 10 84 7 86 90 88 91 76 60 4 59 33 24 98 97 96 3 72 93 26 85 71 16 63 87 8 80 84 16 50 53 22 29 94 71 14 48 73 71 42 42 28 80 9 22 26 67 15 66 19 40 76 36 76 88 72 26 59 19 31 87 24 31 6 6 95 80 50 
33 38 76 14 23 55 23 61 3 99 43 70 53 97 25 64 48 2 28 76 26 66 3 49 27 34 67 16 24 96 51 26 49 43 55 8 31 92 37 54 48 98 10 48 20 11 54 17 25 23 39 5 27 62 3 82 85 14 27 47 77 35 71 38 59 52 48 48 38 35 80 72 56 5 36 60 96 4 
78 68 53 37 54 21 13 42 92 17 37 61 55 27 48 75 72 29 48 5 63 27 8 97 27 98 12 41 29 25 27 44 81 4 75 10 61 66 20 35 21 4 86 83 81 44 77 85 27 28 75 38 99 3 37 9 11 37 36 54 92 72 70 16 64 63 93 32 32 87 56 88 78 32 17 68 99 6 
76 44 62 87 69 30 65 62 93 16 6 60 58 91 47 78 30 31 66 15 47 24 91 57 25 41 91 56 89 3 67 94 13 33 91 33 25 83 5 7 44 61 55 57 61 18 48 80 9 66 55 92 46 66 53 22 59 55 17 22 83 86 23 46 64 42 82 75 80 43 67 98 94 40 74 50 95 78 
24 60 5 96 80 63 86 58 79 76 70 29 27 39 10 56 23 4 25 30 25 52 41 72 87 47 95 62 84 19 28 2 6 20 48 18 71 96 2 72 89 33 82 27 69 58 31 88 45 67 40 79 98 13 53 8 92 2 35 78 11 5 6 44 72 19 20 23 63 19 46 16 27 27 3 90 52 36 
89 11 11 67 41 13 89 26 51 84 95 80 78 1 46 40 90 78 96 1 39 51 65 71 43 61 73 93 89 9 30 73 93 58 86 60 52 24 84 11 24 25 56 91 1 14 74 76 78 33 7 94 27 87 6 45 37 69 70 27 61 33 65 64 86 31 34 78 21 33 1 15 47 93 59 17 26 13 
13 0 82 5 45 79 51 10 79 76 99 26 55 2 41 37 49 94 89 67 51 6 36 80 19 11 25 89 35 25 38 79 46 29 97 30 85 10 42 21 84 81 34 90 84 36 42 74 92 39 54 78 16 47 41 47 50 26 70 40 89 47 73 44 53 50 28 56 60 81 54 15 59 68 5 39 12 23 
16 43 84 98 16 8 10 96 89 5 67 61 21 24 17 83 68 82 66 45 50 19 91 3 14 56 98 17 41 34 9 26 8 84 12 4 23 85 49 87 22 83 17 72 58 56 95 10 85 55 98 39 44 3 27 20 41 77 84 31 25 79 65 69 72 38 49 57 24 60 49 79 61 43 48 51 10 55 
87 94 66 63 60 15 93 92 91 96 21 85 37 98 66 98 21 4 90 96 50 72 47 91 42 49 66 1 64 73 1 15 28 89 89 9 41 31 66 65 74 88 1 97 62 32 43 63 17 63 52 51 83 70 75 49 31 99 54 95 42 38 94 14 3 86 59 37 83 4 22 48 47 34 25 24 13 15 
81 30 28 99 52 38 60 23 1 37 97 87 31 32 85 32 18 70 16 53 69 4 80 5 30 71 27 88 93 98 73 32 60 39 52 54 16 85 81 42 8 68 28 64 90 9 89 17 0 97 15 90 69 85 88 19 78 19 42 49 41 36 23 46 7 58 19 62 26 57 55 72 61 71 32 21 32 16 
23 70 80 96 76 93 25 24 41 62 29 37 11 13 9 45 45 66 54 98 98 94 16 41 89 80 55 32 96 73 83 17 58 74 24 95 14 63 32 66 29 57 39 87 28 60 61 78 66 64 94 25 36 74 8 34 72 48 79 80 34 29 93 10 34 74 21 38 26 18 53 62 99 41 9 54 95 98 
25 14 74 79 7 37 43 34 16 87 51 58 88 67 88 2 80 74 83 78 34 17 60 24 78 33 59 50 95 2 73 16 9 53 86 12 56 43 5 14 58 32 54 82 35 65 58 69 22 18 90 65 85 87 87 72 66 90 74 52 56 35 85 28 33 28 24 75 89 0 83 27 81 14 41 77 67 34 
2 52 66 4 58 60 82 2 81 42 72 74 23 18 69 52 73 80 21 78 14 23 47 10 21 16 25 24 56 11 85 41 94 13 43 56 67 3 98 5 52 66 50 0 70 64 69 23 15 55 69 4 28 85 62 66 7 97 21 79 20 12 56 56 67 15 71 69 34 77 80 67 65 49 15 48 12 56 
64 27 40 81 45 13 37 81 85 28 56 38 75 86 56 43 89 97 57 94 40 3 13 91 9 13 68 13 27 55 7 20 20 31 20 42 17 61 92 90 37 63 9 63 22 81 13 45 40 6 80 51 52 87 50 73 97 92 72 12 10 56 85 16 18 0 87 39 94 93 0 61 5 1 78 48 34 37 
77 77 40 17 20 4 66 68 29 62 31 2 35 25 63 8 34 90 1 63 36 54 66 1 98 10 50 85 23 45 91 41 74 88 25 11 92 67 82 78 60 11 55 96 71 60 36 97 56 8 66 70 20 25 2 47 64 64 3 82 27 39 97 54 68 62 52 64 73 71 63 42 41 91 98 98 1 37 
20 78 73 22 60 70 7 15 34 77 21 52 97 70 95 53 28 87 89 43 33 20 91 28 47 55 76 12 44 44 16 37 55 65 36 54 21 23 77 76 19 55 41 37 68 87 59 11 48 49 15 26 79 75 49 34 93 94 71 75 40 42 58 26 33 34 78 17 73 17 9 88 11 12 93 85 38 2 
43 13 89 19 29 35 63 77 9 9 69 2 20 63 51 99 5 54 42 85 42 26 65 40 85 27 44 24 4 29 42 23 99 23 31 97 39 60 76 26 93 89 91 60 82 6 64 77 42 8 42 59 84 95 5 51 83 6 48 40 22 96 6 22 2 50 90 20 66 75 71 14 66 35 23 83 57 29 
56 2 45 12 17 32 16 21 4 96 7 91 32 91 60 40 90 23 5 56 62 51 33 37 35 96 64 6 5 95 18 32 50 12 5 30 43 99 50 60 58 89 31 12 69 94 16 2 27 86 12 19 39 94 52 97 5 54 22 2 29 89 16 38 71 57 68 38 21 84 63 71 84 80 98 28 14 60 
41 94 25 3 7 38 17 86 40 48 24 54 38 75 43 4 75 4 66 82 4 40 37 51 42 79 54 27 75 35 54 25 76 35 15 6 50 73 64 98 72 42 65 29 86 89 7 93 83 17 16 76 86 25 96 34 96 91 71 75 67 94 23 86 42 70 58 22 88 24 13 31 48 18 7 64 75 60 
29 11 73 62 81 81 33 68 18 58 27 29 60 37 81 43 11 66 96 54 13 45 22 71 30 56 28 89 99 5 40 13 41 98 16 95 91 38 75 93 56 1 37 70 36 55 55 36 84 89 86 48 97 9 92 95 80 10 65 11 97 77 51 82 72 15 49 64 97 46 46 8 88 90 54 53 43 2 
87 95 89 28 82 36 13 72 78 66 71 76 29 55 96 20 30 9 0 81 6 32 73 23 51 9 83 22 48 44 23 37 74 66 77 59 98 65 70 52 95 30 68 30 79 2 0 21 54 77 50 36 41 27 7 24 14 68 26 84 17 72 85 6 8 24 26 37 85 48 75 82 84 34 9 73 60 96 
14 42 11 74 30 69 13 79 53 36 43 22 23 96 56 4 96 4 17 33 99 94 83 89 53 54 81 66 88 56 6 84 2 26 84 17 5 44 83 6 92 33 17 46 23 51 2 22 90 74 88 6 32 98 81 64 11 84 66 47 43 72 24 83 87 36 58 0 9 92 61 37 70 13 25 4 15 36 
53 7 39 82 63 69 93 78 81 44 14 36 79 43 92 24 26 9 34 14 82 89 99 37 41 99 47 38 83 96 81 80 83 94 32 94 24 28 17 18 86 9 45 89 39 24 41 56 49 89 82 82 54 50 56 47 91 49 74 22 27 62 47 2 55 41 80 32 60 86 86 61 25 9 13 77 27 96 
48 29 12 0 84 73 94 37 46 79 85 87 68 50 44 70 71 31 94 93 48 86 2 71 99 47 64 6 14 71 87 73 75 38 11 77 27 76 8 85 63 77 33 28 24 2 47 9 27 74 19 29 4 65 15 51 60 88 54 77 35 90 83 26 36 32 30 94 36 73 34 79 73 72 62 89 87 74 
17 73 50 3 54 2 51 85 92 14 57 53 59 49 92 39 74 28 9 86 54 69 58 77 65 89 26 52 89 74 88 86 71 44 99 51 27 12 69 2 98 53 50 18 16 23 98 35 1 13 4 12 50 10 54 43 25 60 84 10 88 14 96 81 16 73 4 13 47 14 0 56 0 38 7 22 35 59 
41 16 36 99 32 75 86 6 3 77 21 81 57 25 69 22 2 49 14 48 52 61 89 21 33 58 57 55 37 25 94 32 20 23 87 8 41 98 31 73 6 78 23 99 63 17 39 38 3 89 75 29 39 80 89 29 34 90 8 47 38 32 37 51 92 84 78 2 62 30 44 95 14 74 41 74 40 43 
63 97 63 28 81 49 52 86 39 49 43 39 90 90 83 38 87 4 56 51 84 80 49 98 81 15 64 92 48 74 91 98 28 40 81 43 28 86 45 37 80 6 27 92 35 4 12 83 87 6 17 48 30 78 49 58 46 90 76 65 48 99 11 75 94 83 97 91 62 26 73 31 63 88 43 38 94 30 
85 80 16 46 26 82 52 81 98 55 88 11 1 90 28 26 78 81 61 45 44 86 49 16 12 84 40 26 38 6 53 34 70 8 39 11 52 99 74 91 16 16 82 15 55 1 25 46 47 97 58 39 82 69 74 64 74 39 36 73 93 66 14 10 52 20 14 63 90 58 43 10 71 54 52 62 80 7 
3 38 66 1 96 93 82 16 69 42 71 24 46 89 39 75 82 77 17 67 0 8 85 50 33 76 79 60 50 80 49 96 74 4 15 44 67 10 0 7 46 79 27 32 10 53 41 77 5 79 22 38 29 66 96 48 98 63 40 99 41 52 8 0 98 59 81 75 80 3 54 18 36 9 82 98 25 86 
55 0 70 56 92 80 42 62 96 81 10 22 62 50 20 59 97 67 94 44 38 25 57 63 69 76 17 42 40 47 73 64 68 8 14 40 17 57 26 36 85 91 39 18 97 45 88 60 63 9 91 1 1 95 16 12 43 3 59 25 57 42 32 22 48 8 26 76 27 6 65 80 38 43 7 81 45 13 
91 44 7 57 13 72 26 43 5 19 32 97 98 90 1 55 74 5 88 94 71 79 84 82 60 73 51 25 0 5 98 5 79 47 20 77 76 91 49 36 86 75 95 20 36 65 68 43 73 28 96 57 12 8 58 97 81 8 37 33 44 24 8 33 80 4 47 3 48 28 10 39 61 70 13 22 59 62 
26 73 7 5 27 80 39 81 75 52 67 64 32 90 47 76 11 50 32 28 47 37 0 2 73 31 98 73 74 16 88 81 87 26 35 37 45 12 6 54 93 51 47 75 99 30 47 48 47 83 5 51 37 49 53 93 38 45 95 75 72 38 55 95 87 5 2 67 35 54 79 81 14 16 54 74 47 44 
74 48 0 97 50 96 65 8 99 14 21 96 66 86 34 68 96 35 91 90 6 85 13 28 74 63 4 94 25 60 99 27 89 81 43 87 51 76 73 66 54 83 3 84 46 71 98 26 82 81 69 26 81 8 42 87 29 61 6 98 68 79 55 37 8 37 42 86 25 67 60 55 61 78 46 74 51 77 
64 76 63 81 2 5 70 64 27 15 50 34 19 46 45 68 93 4 67 26 58 41 83 48 48 51 81 94 11 61 50 78 29 78 45 87 35 13 94 88 47 48 46 69 73 46 54 82 22 53 73 35 28 28 21 24 25 54 34 15 50 2 14 47 65 68 37 71 30 36 48 37 83 77 37 84 43 0 
34 18 97 84 51 40 78 28 19 71 88 24 24 21 67 92 71 83 75 97 78 94 56 34 28 6 50 64 55 99 85 34 57 80 96 57 17 21 70 76 6 96 1 36 75 28 75 11 61 83 23 11 86 71 94 14 30 20 25 60 63 88 14 92 8 91 23 80 95 98 78 33 89 0 11 48 38 25 
36 56 37 35 19 28 35 34 2 68 27 71 24 56 19 73 84 33 53 45 59 13 65 60 11 38 0 19 79 78 66 98 59 34 50 46 76 97 50 83 22 25 82 82 25 65 5 24 62 66 27 99 71 76 14 13 50 27 20 36 76 4 67 89 1 14 4 98 96 31 42 98 40 12 83 70 51 80 
9 7 76 29 23 72 76 60 7 39 26 21 92 40 75 64 5 13 8 27 40 92 99 40 97 35 66 65 59 39 32 83 69 81 38 17 55 10 2 99 56 53 86 99 24 67 75 35 91 90 38 73 25 11 92 53 61 19 7 25 68 61 84 31 7 66 40 79 14 81 16 48 29 35 40 78 52 8 
61 57 34 36 81 85 83 77 44 62 39 88 66 59 77 35 80 64 44 91 34 29 96 31 50 22 29 49 30 33 61 16 8 94 66 88 11 86 78 74 34 59 67 40 29 76 7 61 64 22 96 2 36 47 30 46 81 90 85 91 50 20 30 54 61 30 67 16 34 17 47 20 7 79 17 98 38 79 
59 61 71 29 51 89 6 52 78 14 73 16 69 86 39 44 91 35 47 13 89 82 68 49 13 41 15 32 28 66 71 41 30 21 42 1 29 34 0 88 78 17 5 80 93 45 96 36 49 95 99 19 31 29 24 18 24 69 45 24 49 88 71 85 36 2 44 81 21 95 10 43 66 21 86 30 9 28 
11 49 27 70 85 79 26 17 61 5 9 18 61 37 72 29 42 31 35 95 74 3 12 11 21 15 81 66 95 66 36 31 35 38 17 59 35 75 18 6 37 70 98 42 8 85 33 91 36 88 61 1 83 77 82 43 47 45 14 94 89 56 75 2 24 11 3 15 20 77 43 60 63 35 37 33 33 38 
88 92 92 27 97 72 76 57 90 25 49 91 40 7 15 88 26 97 34 1 98 97 34 38 76 60 66 94 6 24 89 66 16 7 56 49 79 63 80 21 46 23 27 88 64 49 30 45 17 28 77 48 53 14 46 43 11 40 20 87 55 63 24 94 54 96 63 21 60 87 92 98 48 35 25 93 32 98 
9 29 43 20 81 30 8 82 15 30 50 86 52 25 38 74 81 46 86 3 49 19 79 47 95 52 25 99 92 89 11 75 41 46 86 36 61 97 52 49 97 24 14 45 42 76 39 84 69 94 31 5 70 32 80 69 14 55 33 62 90 13 49 83 93 38 20 48 3 85 52 14 53 85 18 57 54 41 
84 50 95 21 51 8 10 23 87 55 8 23 3 80 53 43 31 96 2 43 46 76 86 93 80 2 15 13 28 90 71 51 39 60 76 77 64 54 97 64 33 29 38 92 20 46 47 2 60 87 64 90 43 88 47 9 40 76 62 71 66 57 7 54 47 49 51 33 63 90 35 60 85 85 4 58 16 46 
85 83 80 52 34 19 69 1 60 74 25 17 23 33 57 84 61 67 16 22 72 56 88 28 24 55 35 40 5 8 67 50 0 97 32 22 16 42 82 37 70 43 18 25 13 62 24 97 61 74 15 42 65 80 79 8 84 76 32 5 33 56 1 57 46 9 34 30 31 27 71 58 93 60 27 55 13 97 
25 27 7 29 3 47 48 51 59 42 4 63 79 82 21 72 57 51 33 85 69 55 19 22 3 87 1 18 88 16 30 63 82 26 31 71 8 2 17 86 89 82 70 33 64 32 93 29 5 4 87 12 22 22 55 11 36 48 10 9 62 60 49 21 52 54 14 85 59 90 21 29 45 41 95 25 27 63 
44 36 67 76 82 67 50 91 67 97 76 69 8 95 24 18 62 65 3 68 90 65 14 65 67 76 75 18 99 47 85 70 55 71 55 35 53 81 86 86 69 70 76 82 76 6 2 47 84 96 19 98 88 94 75 48 24 31 78 53 70 32 17 90 13 83 47 54 79 83 58 70 30 52 68 0 28 46 
77 71 27 98 59 62 4 61 18 62 84 22 55 94 41 3 87 22 67 76 41 40 66 8 88 68 65 96 84 25 37 42 76 5 76 87 9 19 82 1 45 20 34 37 6 57 86 9 88 3 8 98 54 33 65 60 26 71 19 79 15 99 60 98 43 66 23 11 67 21 10 15 66 30 2 92 63 66 
42 57 27 5 13 85 22 93 4 12 3 96 23 63 6 29 63 87 11 42 35 29 97 40 29 74 92 44 25 46 90 74 2 15 16 32 69 12 17 56 38 55 91 83 26 69 97 3 71 52 58 40 48 95 49 52 9 46 8 17 23 69 22 32 12 68 15 35 29 77 70 70 9 26 91 83 63 93 
32 38 13 94 62 17 67 52 33 45 39 56 16 77 47 87 68 8 26 43 45 47 72 54 38 60 4 36 37 93 4 90 87 8 23 8 91 69 24 43 2 32 80 23 46 46 90 89 48 54 74 37 69 11 51 37 1 16 79 89 20 33 29 62 93 63 63 86 27 67 94 45 96 44 22 28 50 62 
31 20 82 6 70 53 63 92 17 36 83 68 10 94 53 67 35 4 47 17 43 41 56 92 2 47 23 13 86 6 50 14 18 18 97 0 68 60 23 82 51 28 60 27 69 62 18 70 17 55 65 0 93 44 13 12 79 11 90 99 53 30 80 33 49 60 67 73 10 97 66 24 89 5 59 13 92 2 
54 22 92 9 55 51 20 60 47 30 58 78 15 62 29 54 31 32 41 70 50 3 79 44 11 55 2 27 13 3 47 1 9 29 84 80 52 87 83 24 60 3 6 8 96 58 72 9 28 55 53 67 95 12 22 62 35 51 71 70 78 15 54 3 68 89 16 86 22 22 16 68 2 86 32 13 22 96 
77 48 77 33 27 65 29 11 65 78 52 87 3 82 6 55 69 29 1 54 45 13 15 45 30 5 89 53 43 73 76 63 79 9 88 3 47 47 6 20 15 40 40 56 18 79 68 18 92 35 30 42 66 22 43 69 84 34 23 89 80 91 71 54 76 16 9 57 34 64 4 75 11 33 58 66 9 12 
42 28 67 7 91 67 15 33 72 9 68 88 6 13 95 45 8 99 2 44 46 82 15 2 64 37 83 93 95 64 64 63 50 97 38 59 55 49 74 30 52 57 41 78 29 15 3 65 37 98 79 33 41 71 63 59 46 84 82 2 90 71 34 98 9 29 49 19 77 34 80 29 56 89 15 76 21 76 
36 9 62 85 74 12 37 28 6 60 13 26 32 79 31 31 52 39 78 24 61 98 88 79 56 37 80 41 70 75 76 11 67 75 41 9 18 72 2 80 91 26 94 74 53 77 90 51 53 8 79 39 52 12 97 63 63 80 48 86 10 47 24 30 44 96 12 55 61 45 85 48 86 63 62 52 97 10 
24 44 26 38 46 45 87 90 58 16 48 88 44 35 78 10 48 34 66 84 4 66 58 84 33 27 80 92 94 24 80 17 67 86 39 45 16 53 22 75 54 3 13 31 95 79 88 38 33 78 5 99 37 50 37 52 42 7 61 13 13 79 90 55 94 32 90 73 44 21 82 59 17 96 2 63 30 52 
55 11 62 60 58 73 71 23 42 66 25 74 4 73 90 3 11 39 10 47 30 70 0 25 5 83 36 50 52 33 77 97 95 72 47 81 25 2 53 97 69 85 96 84 94 30 28 22 43 58 21 43 61 44 98 31 37 91 98 2 82 94 7 99 16 77 12 92 97 2 88 57 78 18 41 30 82 3 
80 3 90 79 38 91 95 75 59 28 80 65 19 36 97 16 54 56 35 51 6 94 3 73 92 21 69 16 96 84 53 27 26 82 36 30 97 28 65 86 3 89 28 71 96 19 93 16 84 90 38 81 12 91 66 30 93 63 14 91 95 10 18 96 89 79 25 40 31 90 79 59 18 21 83 69 55 4 
73 89 94 39 10 59 90 82 75 7 14 90 65 20 20 75 58 0 18 10 21 84 79 92 64 44 75 24 83 46 91 54 53 53 0 73 15 30 21 64 13 50 77 90 26 62 27 80 64 64 2 35 80 39 77 95 84 39 3 98 78 2 9 22 51 91 61 63 89 38 87 85 57 56 12 59 69 29 
34 72 1 20 99 71 6 4 21 2 25 50 18 63 10 82 2 20 40 55 54 61 36 45 42 24 19 38 48 61 90 10 11 92 45 40 5 33 64 80 64 98 4 14 16 64 41 25 11 84 2 76 59 40 85 49 22 59 18 46 28 89 21 97 41 48 70 48 90 85 68 5 41 23 11 67 57 95 
89 48 4 29 97 95 20 34 58 38 93 43 6 57 18 17 94 21 68 20 83 32 48 35 95 14 8 29 18 77 20 66 9 14 23 95 12 25 97 5 36 47 5 67 48 71 12 23 37 26 1 47 38 56 56 63 10 80 86 87 0 48 14 32 28 55 82 0 0 88 5 48 0 68 17 37 28 83 
87 30 23 28 95 46 51 12 10 65 23 53 9 18 6 16 35 49 88 80 24 10 40 9 54 15 8 46 26 89 49 47 47 14 82 44 14 8 67 63 85 30 99 33 67 61 79 52 31 33 80 16 85 30 37 64 90 58 53 96 31 8 59 86 7 68 47 50 94 30 34 43 31 65 63 51 12 37 
16 6 41 5 84 60 86 75 27 33 73 49 60 31 40 94 35 75 81 38 31 73 60 68 71 86 74 22 45 43 6 46 93 72 14 3 72 51 9 26 52 8 5 57 51 22 65 39 13 32 99 74 44 9 31 33 35 9 15 69 87 34 95 40 57 24 10 97 84 5 49 51 75 21 8 28 64 41 
67 78 0 23 38 42 23 74 67 58 1 96 30 98 67 35 47 6 20 88 81 42 47 23 15 45 54 15 47 76 41 5 28 68 41 37 29 12 61 77 89 51 78 4 26 49 95 58 40 60 87 25 35 2 3 52 13 85 73 80 30 92 0 9 75 49 87 63 66 39 4 86 64 71 73 95 32 7 
93 68 68 4 90 11 35 61 23 81 50 59 77 94 45 40 92 26 37 8 87 39 59 32 90 96 56 7 91 34 16 66 23 77 10 40 28 74 22 47 47 89 86 2 14 19 3 92 44 27 48 46 80 70 77 25 1 59 73 47 31 52 66 24 56 19 18 5 41 14 28 8 51 60 26 67 71 61 
86 44 86 36 91 90 63 87 96 20 31 24 4 22 18 91 58 32 39 64 33 58 42 3 57 81 40 83 68 50 85 77 20 5 49 42 78 10 3 0 67 91 26 54 56 49 51 2 99 90 18 56 22 84 51 53 68 69 8 45 26 86 87 55 1 42 52 96 29 72 73 36 12 52 32 85 93 28 
47 76 35 86 84 54 61 67 11 20 71 80 52 99 52 20 65 27 99 86 45 71 81 60 89 59 33 38 52 6 64 90 82 47 96 29 37 42 75 2 79 67 60 6 24 56 61 88 81 65 88 91 87 54 93 87 70 96 31 17 73 64 31 12 79 45 2 85 80 93 26 54 38 80 31 51 4 37 
40 69 84 21 46 61 54 53 50 49 96 36 18 94 69 56 4 82 74 95 67 8 23 38 68 91 25 29 30 83 0 36 88 60 88 71 58 66 50 89 95 94 40 72 65 91 91 97 3 59 88 14 1 9 61 10 81 60 3 31 27 15 77 68 30 9 53 74 79 55 18 42 99 17 54 78 53 2 
46 75 34 16 37 36 61 80 22 84 31 6 33 70 36 46 17 54 96 27 59 40 76 81 72 86 53 42 57 35 70 42 76 11 7 9 76 18 55 65 94 36 72 61 42 7 91 20 37 13 97 7 48 91 8 19 75 43 46 11 9 83 80 30 16 81 46 17 1 39 43 73 5 63 59 88 35 56 
84 9 70 74 61 25 79 97 0 77 27 1 48 50 23 22 71 73 34 39 53 85 85 53 48 78 87 48 5 52 75 41 61 69 18 95 49 48 10 56 40 75 24 19 22 24 95 40 14 24 42 43 22 80 52 23 47 98 64 20 93 32 31 32 8 52 54 27 48 9 5 41 35 17 58 97 81 48 
