78
22 26 85 8 38 16 84 53 95 35 1 53 25 50 76 72 74 45 42 74 93 26 36 55 96 70 86 81 17 2 61 39 27 79 71 80 15 70 48 9 33 29 78 0 45 8 2 12 70 71 22 34 73 46 80 69 25 51 53 54 36 23 24 62 51 12 14 58 62 43 41 66 6 79 5 74 76 22 
71 93 42 80 78 79 18 57 72 58 11 83 17 69 73 26 8 26 53 21 51 46 53 10 85 68 34 62 31 55 43 31 75 24 23 82 21 76 88 73 37 2 71 50 62 1 0 22 33 89 21 10 1 89 75 8 7 38 22 50 84 19 47 71 98 17 52 39 56 36 23 86 53 12 32 8 0 86 
97 96 11 48 45 23 50 65 32 52 80 57 93 59 35 46 42 71 53 95 58 33 43 2 63 15 30 36 90 57 6 16 16 27 27 79 90 84 64 4 76 19 42 1 80 21 25 16 97 66 99 19 65 57 9 11 24 64 48 60 15 13 17 8 76 64 56 45 14 24 20 13 91 28 55 93 3 43 
78 54 21 29 40 72 84 7 4 84 82 18 45 50 84 3 1 76 3 50 86 43 77 61 74 84 70 11 67 82 97 27 82 82 28 7 12 27 31 35 90 74 65 92 19 11 52 81 86 34 0 9 50 60 26 65 33 77 91 9 32 99 98 27 29 34 72 1 0 68 31 49 12 16 46 22 30 74 
4 29 71 97 15 82 67 50 10 21 79 12 87 57 40 18 19 33 6 45 3 22 47 91 88 93 66 29 15 73 20 60 11 57 54 57 96 60 77 90 45 50 46 90 58 52 22 32 76 11 94 27 71 58 41 11 45 46 99 59 77 57 79 13 43 43 61 30 36 87 85 19 1 46 87 77 84 13 
7 0 16 58 25 24 75 26 91 57 31 82 53 86 92 44 78 4 0 88 73 97 49 64 29 7 65 34 53 83 77 21 73 32 40 38 43 81 70 53 76 8 69 28 78 28 48 36 57 78 51 52 49 32 0 83 31 63 15 70 70 75 38 94 10 61 19 84 68 52 26 20 8 73 83 23 66 74 
50 61 13 51 31 31 79 33 13 3 91 54 99 62 52 45 97 55 34 18 81 34 31 35 38 74 84 20 71 16 43 5 20 90 53 94 61 9 1 27 20 96 91 73 62 17 84 33 15 61 3 57 68 92 49 29 29 7 70 89 14 27 4 92 7 91 65 44 57 26 88 25 49 74 41 32 60 17 
46 20 61 66 39 15 58 24 14 18 25 12 36 55 63 5 52 87 92 33 61 41 30 54 60 62 17 6 20 31 56 85 85 96 53 62 45 15 83 53 34 98 9 72 42 78 60 60 56 38 17 35 26 64 13 84 48 75 74 84 61 17 30 0 43 7 33 40 89 87 52 58 92 6 89 60 46 8 
81 85 7 45 64 18 35 38 33 86 6 37 85 6 94 10 16 27 26 12 43 36 32 0 48 37 41 48 25 75 18 19 75 99 59 45 83 45 89 19 18 26 8 9 7 63 73 28 83 51 39 11 49 47 9 65 12 48 85 94 28 49 13 92 49 92 54 32 56 28 22 30 33 94 91 90 42 56 
62 73 57 38 54 52 93 96 68 35 91 73 28 7 60 91 48 94 84 71 93 72 85 60 8 64 10 52 98 20 48 15 7 18 54 85 34 59 73 19 10 74 54 14 22 35 80 64 97 46 28 19 40 76 8 60 2 17 56 89 15 3 15 12 18 98 73 56 20 73 83 5 30 90 49 48 30 10 
84 57 94 88 4 70 59 32 27 9 29 32 12 1 84 79 8 82 78 66 59 63 97 20 25 1 16 30 63 51 81 32 80 9 91 35 40 74 46 60 20 42 55 82 25 16 34 96 76 9 28 98 91 10 18 2 2 72 0 30 76 79 7 82 12 8 26 20 17 32 44 97 94 19 14 18 84 98 
1 99 14 49 70 45 78 49 46 6 61 81 7 88 70 48 52 2 40 51 61 47 15 29 6 81 16 29 58 49 65 11 21 35 49 72 34 16 84 63 11 84 84 61 64 82 78 33 19 22 32 65 63 67 73 35 76 46 72 43 5 87 83 42 45 71 95 39 40 35 48 82 3 56 18 79 11 24 
90 88 6 45 33 63 8 9 84 51 73 23 21 14 89 28 14 89 30 81 10 16 98 33 50 80 36 87 62 15 16 52 2 44 99 63 61 96 37 57 83 25 67 8 71 41 25 39 23 14 88 53 76 98 74 19 27 87 38 27 30 54 84 48 65 80 31 76 85 85 25 58 39 64 68 77 98 44 
93 49 1 71 3 81 84 34 31 29 6 89 71 78 33 35 86 64 88 89 89 85 81 12 12 33 51 14 37 26 33 84 98 29 17 62 78 78 98 11 77 70 12 63 5 39 91 11 26 14 78 40 27 80 49 44 35 34 60 78 5 96 50 41 19 80 83 52 47 89 65 29 69 15 85 77 5 50 
92 77 17 16 92 35 47 91 26 82 73 24 45 23 98 33 24 65 4 66 18 14 96 29 11 9 94 19 24 11 55 91 48 37 70 10 73 43 18 17 14 93 66 80 51 7 82 87 27 6 54 47 43 6 17 30 79 15 20 76 98 37 35 67 59 12 61 34 54 0 67 98 94 82 18 65 93 0 
30 81 11 20 4 10 21 45 20 12 45 65 72 80 2 51 0 44 45 29 38 98 91 90 68 42 3 55 26 57 92 75 74 83 60 74 82 60 13 14 75 55 93 77 73 67 69 24 60 80 50 97 90 98 51 5 47 97 51 83 69 6 40 44 50 45 42 64 20 92 42 71 60 3 15 79 67 26 
14 30 57 54 78 11 8 63 14 76 21 44 12 87 51 12 44 68 41 32 85 71 51 75 84 15 89 21 99 6 58 93 69 36 95 38 29 7 16 33 45 81 34 14 32 94 0 12 60 49 76 34 89 2 50 37 93 33 98 12 65 34 23 44 24 13 24 24 23 86 35 40 88 83 46 90 29 49 
93 82 33 7 59 21 11 57 5 85 11 95 21 72 41 28 40 30 29 34 58 80 40 31 24 55 98 85 80 34 5 11 65 82 95 96 98 64 53 69 4 4 78 23 48 33 59 75 56 92 36 56 14 23 20 19 95 95 79 24 41 85 50 40 8 31 25 83 0 51 16 10 76 58 3 63 96 95 
75 8 4 13 86 13 40 23 52 85 16 36 56 81 5 0 6 85 99 86 43 27 31 90 36 26 12 94 1 33 65 46 89 82 62 78 74 90 44 10 14 73 32 57 69 14 60 97 23 97 61 14 87 90 33 89 77 87 89 53 41 22 31 83 85 61 65 51 77 47 73 75 3 24 70 19 85 84 
18 62 28 0 22 4 62 66 11 65 72 29 21 59 38 14 45 4 43 14 17 88 59 0 49 18 72 73 26 85 49 35 98 89 88 47 91 16 38 5 28 5 19 91 22 83 97 65 12 59 51 36 39 32 75 16 38 99 31 81 17 72 32 67 17 92 29 18 74 37 95 9 66 88 11 93 79 34 
66 51 92 31 46 72 70 36 61 41 45 19 97 51 74 88 83 27 31 14 46 48 37 77 85 31 43 64 45 44 53 16 88 75 53 60 98 93 70 11 82 90 33 8 83 15 13 69 33 29 40 72 43 77 88 33 94 75 48 92 47 43 22 24 4 91 51 55 92 67 63 22 2 54 16 72 23 38 
22 42 79 44 83 80 27 53 89 96 49 5 93 33 15 39 32 95 9 41 97 94 89 7 78 97 60 34 28 50 67 68 94 67 97 27 21 63 16 61 86 0 60 69 65 65 63 39 67 57 27 47 56 27 19 96 42 19 80 39 62 62 49 3 68 94 22 7 42 18 29 69 26 2 19 23 9 90 
65 95 9 77 52 83 4 96 43 87 63 9 44 11 49 68 59 29 76 21 98 17 38 36 46 80 2 73 11 62 50 11 75 20 24 52 33 98 21 71 14 43 70 87 9 3 99 36 59 46 83 69 70 83 45 21 63 66 48 70 15 12 98 63 39 17 31 22 92 53 26 7 62 96 30 44 90 59 
62 71 55 29 87 25 25 62 26 65 88 4 94 9 36 27 57 5 75 95 75 42 77 22 77 49 1 35 47 33 52 15 83 55 41 22 30 82 76 26 74 32 17 45 40 17 62 93 57 18 53 85 83 9 60 70 72 67 73 87 13 2 74 27 74 74 15 26 92 60 55 3 53 71 22 77 76 55 
40 92 68 67 88 7 59 70 59 69 39 7 92 5 53 26 38 14 47 55 68 64 11 18 45 69 71 65 79 81 76 47 19 65 71 65 91 38 27 3 53 2 96 99 20 60 22 78 60 22 93 30 91 76 37 5 75 84 75 49 76 28 79 40 70 48 58 50 32 61 11 33 36 67 61 81 35 84 
44 58 29 2 81 75 50 71 61 85 32 91 99 17 25 63 13 19 89 49 56 24 46 89 60 95 96 43 99 92 88 74 4 21 72 21 71 3 36 89 16 17 25 0 13 88 78 45 95 12 34 88 15 42 13 57 93 7 46 25 26 28 94 89 20 84 14 76 11 0 85 16 69 58 81 93 33 15 
60 6 12 74 30 97 13 12 41 37 79 86 18 35 46 62 75 66 3 99 91 44 65 72 17 75 32 12 57 56 45 68 61 27 8 46 68 80 55 67 57 34 0 67 79 11 87 32 26 28 98 77 42 87 0 62 95 7 1 54 88 35 11 96 38 28 68 68 69 16 12 73 47 96 62 12 37 98 
76 92 35 48 51 23 51 86 17 34 1 34 37 13 95 27 65 56 67 79 31 67 4 35 46 68 22 45 53 82 29 76 18 76 25 25 97 77 83 53 40 48 94 12 95 61 77 32 81 35 33 26 45 76 51 43 71 42 78 91 63 0 63 21 9 38 18 99 8 98 6 76 44 33 82 11 75 21 
67 98 35 85 90 29 94 82 30 5 56 89 19 18 46 64 6 13 44 82 37 47 92 71 11 43 47 87 53 49 5 82 28 21 81 2 15 31 31 6 30 94 5 61 81 69 13 11 63 60 25 90 2 40 70 63 63 25 35 20 47 30 42 80 49 97 25 63 65 16 15 72 86 76 50 28 84 96 
64 84 41 54 58 35 73 54 77 28 69 72 61 31 88 97 21 38 86 30 20 54 22 17 62 76 83 24 90 7 64 48 88 36 37 62 96 38 58 94 85 24 10 54 69 36 32 10 54 17 14 67 50 33 20 17 60 1 33 86 66 91 85 44 52 51 30 54 27 58 45 52 91 91 33 93 31 55 
52 50 94 89 9 22 79 35 41 72 90 52 35 94 82 86 48 20 92 0 49 81 94 26 38 38 90 74 79 35 86 28 62 25 84 49 48 17 14 60 43 59 95 80 29 0 38 70 67 49 93 52 77 66 35 72 13 58 2 1 59 25 27 36 7 49 28 66 95 93 60 28 56 82 31 47 1 3 
49 38 83 31 49 39 91 30 40 88 82 96 96 84 58 32 82 9 27 8 2 79 37 15 41 15 66 40 11 66 88 5 89 31 72 52 26 4 46 93 66 80 37 95 58 2 55 86 55 61 26 70 79 9 75 33 21 29 72 81 66 32 68 88 84 51 18 34 8 76 83 75 40 65 82 55 6 12 
63 64 5 11 93 65 94 36 0 80 40 35 57 97 56 35 65 46 87 7 82 81 89 67 86 40 20 8 5 21 8 89 74 17 97 27 2 76 71 80 45 48 49 40 63 9 6 72 82 25 45 96 46 20 55 80 58 64 72 88 3 40 30 62 39 31 23 97 22 24 15 52 45 81 1 80 17 1 
38 54 88 62 8 17 47 51 6 24 7 99 73 69 14 49 14 3 98 5 99 46 66 87 24 21 41 2 60 3 42 35 22 54 50 53 50 70 42 31 56 11 46 81 27 51 79 99 63 23 48 98 45 60 40 13 41 70 40 65 46 65 4 18 26 48 33 90 68 83 49 75 11 72 35 18 13 70 
58 2 54 87 53 44 84 49 30 49 87 44 55 21 62 18 74 95 36 96 41 57 90 40 38 72 38 0 73 17 29 27 12 11 81 7 48 93 65 56 38 31 4 43 33 33 97 55 16 60 34 29 20 74 71 70 75 41 13 71 56 8 77 8 47 65 59 19 34 63 64 17 21 80 51 74 71 43 
19 62 66 33 27 3 73 13 97 79 42 94 93 32 34 93 6 15 80 41 1 46 62 16 61 64 64 15 4 75 53 81 96 65 24 36 44 40 14 98 2 77 89 92 88 64 96 49 71 3 16 58 80 32 77 13 35 73 6 68 55 47 14 48 44 31 22 68 91 2 39 92 91 75 74 86 9 35 
5 52 78 84 77 24 97 67 70 66 56 65 2 72 25 45 10 64 58 76 32 18 66 70 49 17 47 13 31 33 21 0 46 10 69 6 21 56 23 29 66 35 10 86 98 39 17 35 2 5 35 25 90 60 77 67 72 39 12 91 70 36 34 52 90 63 57 38 90 93 83 70 60 24 50 14 36 27 
27 62 10 59 63 64 96 62 78 14 51 15 80 10 74 87 31 26 14 87 10 74 18 8 23 80 37 64 31 76 6 82 20 25 85 58 46 63 98 55 19 87 30 93 0 12 46 79 84 0 25 34 59 88 56 88 53 21 96 1 3 92 3 32 83 73 31 94 23 85 48 23 79 13 91 18 44 55 
88 75 74 91 73 0 30 43 39 62 53 53 50 18 40 46 19 92 68 58 65 46 47 9 86 67 98 65 3 96 91 10 15 64 83 10 30 92 81 3 21 68 97 94 43 6 43 15 37 34 44 95 79 0 66 42 48 22 85 95 28 15 15 53 31 41 2 59 37 92 29 28 48 61 79 46 74 82 
16 77 71 15 97 45 4 26 16 53 54 52 55 6 70 85 90 80 79 3 44 23 98 26 82 30 26 30 62 57 7 55 70 46 44 10 2 96 21 6 69 87 73 2 16 31 40 57 13 23 81 16 39 33 44 16 79 82 30 9 98 33 79 71 2 69 16 72 8 23 25 58 84 5 19 27 69 93 
23 79 80 79 88 63 38 47 67 32 85 50 40 58 84 88 90 71 41 42 15 68 80 95 69 67 66 5 1 24 21 10 95 94 30 86 0 65 21 6 44 59 64 4 87 80 67 78 99 87 88 61 53 26 47 96 41 13 39 13 43 0 48 0 54 48 60 82 85 60 44 29 91 37 48 63 61 63 
39 16 50 75 6 35 38 43 80 73 99 44 59 8 82 32 30 15 99 55 78 38 51 76 84 6 15 46 13 83 41 4 1 10 0 7 62 62 86 34 64 71 90 24 54 26 76 71 84 92 60 68 52 46 42 8 4 90 37 22 26 1 31 54 40 88 33 46 59 48 81 80 30 1 44 41 99 84 
79 85 61 23 45 63 90 58 78 84 89 4 20 84 68 83 63 58 92 1 68 22 98 80 71 88 26 65 81 67 67 36 89 95 65 72 91 72 55 47 51 89 85 21 17 66 63 63 13 58 65 66 62 1 47 18 68 62 64 77 54 17 74 12 27 48 48 58 46 79 84 15 97 74 30 61 7 59 
87 7 45 81 88 18 98 93 1 82 44 35 93 77 55 1 84 71 46 96 59 46 93 72 69 68 60 31 67 39 27 42 44 41 35 61 83 75 33 72 57 72 59 58 3 22 3 1 16 45 1 96 17 63 96 51 98 93 17 45 41 48 84 45 49 56 3 82 17 38 63 63 72 5 5 4 61 16 
54 63 23 2 71 16 6 39 76 92 27 50 6 12 75 12 47 46 3 36 77 60 3 30 94 10 92 27 83 28 56 91 78 29 9 46 86 78 87 35 77 78 79 23 84 86 25 63 39 66 66 70 85 84 51 61 69 46 57 88 19 46 6 46 64 80 6 26 40 44 63 50 82 15 47 68 15 50 
95 92 53 5 54 52 55 22 24 56 6 44 85 99 98 51 62 6 10 28 73 44 83 46 38 14 56 89 83 90 36 5 26 35 9 99 18 20 88 60 66 2 9 3 62 48 64 30 8 38 8 1 28 34 82 43 25 36 26 89 98 56 13 81 85 10 46 88 19 85 82 65 10 37 95 10 49 63 
50 48 32 31 37 35 53 3 8 99 18 95 13 80 50 37 83 81 48 11 4 0 97 7 90 90 7 90 44 69 62 1 14 72 23 89 2 74 57 75 23 15 59 0 88 96 13 47 15 82 59 86 36 47 88 54 64 89 21 4 51 19 68 8 10 38 64 80 15 53 71 42 54 38 40 91 60 66 
32 45 67 79 51 88 62 84 68 94 49 86 44 25 16 98 37 10 68 95 24 7 86 2 93 4 81 33 35 31 40 86 79 88 81 25 79 1 97 33 20 4 51 35 1 82 88 32 75 58 5 91 53 79 50 87 41 34 28 23 74 30 93 44 25 10 83 23 83 77 94 72 69 26 59 67 55 98 
23 7 75 16 50 32 97 51 53 58 48 11 90 44 88 29 3 19 84 41 7 69 4 27 28 31 79 18 50 91 98 30 76 49 5 96 81 96 88 32 35 93 46 54 89 65 10 27 93 21 90 99 7 80 61 52 63 56 18 79 22 9 3 38 44 15 12 34 64 67 16 38 53 53 14 1 0 77 
78 30 47 85 80 78 49 35 14 28 25 40 9 41 49 25 17 25 34 89 61 79 62 56 31 20 11 74 30 0 55 53 22 66 42 98 1 61 91 59 75 42 19 63 33 68 29 1 0 92 47 43 76 49 70 15 16 55 44 76 24 93 86 16 74 37 78 53 7 21 83 91 93 19 32 37 50 72 
64 8 60 27 26 29 41 22 74 73 95 91 28 55 1 13 21 75 68 53 14 83 92 0 20 75 95 62 82 94 4 58 52 63 50 57 32 82 96 29 17 29 73 4 72 47 53 77 80 84 90 78 66 26 21 36 57 80 13 81 29 86 83 9 83 88 77 75 29 0 24 42 50 7 93 25 76 16 
95 80 36 14 23 2 51 87 86 55 80 25 52 22 54 16 2 61 59 75 5 85 71 29 11 57 91 60 75 26 7 26 92 46 99 90 87 19 97 66 55 63 76 95 95 1 96 14 10 66 30 35 59 42 57 47 23 71 19 56 43 61 22 28 4 27 42 94 47 33 87 71 55 7 37 17 58 35 
44 30 63 8 35 28 17 23 77 24 72 14 70 98 66 76 84 88 31 63 41 42 54 34 38 70 11 39 34 76 73 68 50 6 5 43 53 71 14 56 7 2 48 68 79 78 91 79 74 68 17 86 40 13 48 28 1 18 87 88 37 26 29 56 93 36 35 80 50 23 71 16 4 3 17 88 56 80 
91 76 19 61 9 77 8 15 14 51 53 25 55 44 65 10 81 82 69 61 39 69 97 8 50 20 60 24 28 10 24 45 96 5 40 79 72 31 99 97 35 96 5 94 14 53 58 5 73 3 71 66 27 8 30 51 70 67 6 65 49 30 95 89 68 54 28 26 66 72 66 94 31 51 2 0 33 5 
56 5 34 14 55 97 12 52 65 55 15 59 91 94 12 37 85 98 74 68 52 6 23 12 81 70 90 68 40 56 4 14 27 6 82 32 88 35 81 61 85 13 37 50 14 10 76 89 86 19 59 87 67 83 27 35 93 58 61 30 78 91 87 11 71 67 96 13 91 39 68 87 28 24 9 24 47 67 
58 0 78 69 1 79 22 93 13 57 0 78 55 22 20 35 14 97 8 64 53 88 7 99 7 95 5 21 78 58 8 20 86 97 85 46 18 3 73 16 66 55 68 4 64 24 27 69 48 98 42 42 87 30 65 54 39 35 12 3 0 60 98 68 48 48 79 14 94 64 83 79 70 43 7 83 80 59 
63 17 11 92 85 56 4 83 28 23 15 49 29 6 52 46 24 69 44 21 28 31 79 50 32 88 76 7 87 64 32 96 67 15 72 33 17 22 23 86 65 56 85 12 20 55 5 83 24 5 73 96 45 8 83 12 13 77 10 26 70 65 23 14 59 54 98 35 31 5 17 45 35 75 35 24 45 37 
71 36 6 89 44 26 68 54 37 27 94 92 10 68 34 85 37 98 28 36 68 29 17 17 96 49 75 70 18 33 96 61 35 68 83 77 13 81 6 7 22 46 58 99 93 21 49 93 47 40 30 20 53 96 16 52 27 57 52 11 26 7 41 94 87 96 30 1 92 55 63 3 8 83 62 11 11 38 
17 84 32 20 52 29 2 54 72 77 42 55 35 15 63 35 37 80 1 60 52 37 40 63 20 17 29 87 29 52 15 69 93 99 16 49 67 37 43 12 98 53 46 35 12 90 56 24 90 76 13 28 89 9 19 69 99 17 85 61 44 38 43 72 72 57 8 76 2 22 4 67 48 42 54 15 30 32 
11 89 65 33 37 39 52 61 35 97 89 71 70 99 2 93 37 94 32 18 86 24 58 69 32 74 55 63 30 1 89 97 58 32 18 47 95 10 81 45 48 44 51 65 26 78 52 73 90 31 16 47 84 34 86 2 40 61 8 41 6 17 62 56 1 53 73 39 26 44 53 32 60 24 83 88 36 81 
37 45 41 31 16 47 30 38 19 77 8 72 5 15 59 69 45 23 14 58 55 65 55 54 80 44 29 87 70 66 32 49 86 63 64 91 23 79 46 31 48 46 52 55 60 26 4 7 61 16 51 56 22 12 49 24 97 47 53 4 85 70 43 86 54 38 97 73 19 10 78 38 82 17 40 7 11 29 
2 3 83 65 45 8 43 56 84 41 96 26 34 67 34 73 8 32 14 73 77 11 67 68 45 23 64 70 51 82 96 20 87 58 46 64 64 77 55 21 88 30 63 18 68 80 95 78 35 90 34 37 88 72 7 82 44 34 3 36 14 70 25 52 13 28 14 38 32 79 12 56 9 95 19 29 9 99 
2 89 21 81 69 54 69 24 7 63 69 62 51 29 33 54 72 48 99 81 53 28 32 6 76 33 48 47 67 52 51 53 37 67 61 84 51 17 6 51 19 84 86 59 35 43 12 14 71 17 14 64 56 88 10 6 49 35 20 31 56 23 3 96 43 20 31 68 13 36 65 29 63 84 71 91 99 44 
98 6 64 14 8 74 14 47 72 39 37 26 86 55 13 33 13 10 51 78 51 17 67 12 47 87 51 87 46 92 49 78 36 75 62 43 75 59 5 33 23 86 58 91 4 74 96 20 93 42 7 55 78 66 52 24 27 99 75 46 1 46 50 82 34 59 68 33 15 46 21 53 46 81 90 9 8 37 
1 71 58 64 22 47 71 16 40 10 83 99 79 81 91 87 84 60 0 60 56 15 22 92 55 57 42 54 8 52 50 76 21 57 85 52 39 9 38 35 33 61 81 14 51 14 72 61 3 52 74 77 45 2 94 52 82 92 88 52 3 77 76 22 63 16 2 27 88 77 67 2 72 92 30 52 52 43 
81 16 98 74 91 90 51 17 90 43 71 25 6 87 57 67 8 52 56 86 13 31 28 72 31 82 80 1 38 33 8 8 73 2 70 58 96 55 33 57 70 45 98 6 28 12 37 39 21 10 0 24 73 66 55 77 57 35 14 38 57 78 96 44 36 84 94 4 73 16 65 32 95 70 14 45 96 45 
38 52 15 27 2 31 68 59 81 25 53 28 61 56 10 49 36 31 43 97 59 27 98 10 26 9 44 69 95 3 56 60 26 7 83 44 26 5 92 94 26 95 92 6 34 44 14 92 32 38 25 39 88 37 30 43 4 57 33 95 82 60 9 4 48 70 36 49 49 55 26 67 54 15 69 89 12 80 
5 90 73 48 62 99 98 88 95 29 11 34 35 47 43 12 83 69 96 88 2 57 51 53 13 15 41 86 64 56 41 9 71 99 61 37 58 61 64 78 51 15 79 24 17 54 33 39 70 79 58 10 58 9 51 82 91 56 7 51 53 72 65 47 99 55 86 86 58 92 47 65 98 97 56 78 39 56 
45 13 49 6 9 15 71 21 90 28 22 24 28 35 65 45 29 69 27 30 46 90 49 1 23 74 30 63 26 88 37 28 34 42 57 26 87 84 13 80 99 58 11 94 56 97 63 26 0 13 81 85 74 98 27 11 55 37 45 18 1 27 44 75 85 21 86 64 59 51 60 67 63 63 50 94 23 81 
51 92 79 14 10 74 71 17 36 48 99 54 93 12 65 70 51 49 61 36 4 91 81 27 45 61 77 29 34 56 1 44 66 62 10 63 85 67 27 28 1 98 80 57 56 15 94 33 62 42 99 54 94 39 45 45 46 67 94 58 5 92 46 73 83 70 36 46 32 99 12 70 73 37 50 82 18 18 
49 81 97 5 30 38 54 80 59 68 98 89 17 79 9 51 54 85 22 37 66 5 61 46 48 99 97 82 32 41 29 29 68 18 17 82 39 33 70 78 84 25 58 71 31 72 51 35 41 19 15 78 19 21 97 89 61 96 19 89 87 17 87 88 80 86 13 87 65 99 19 93 26 23 72 16 23 53 
6 42 40 51 47 43 99 86 88 38 98 64 69 58 18 0 89 35 57 60 10 82 29 20 20 58 14 58 83 9 14 94 68 91 29 14 5 1 80 84 33 3 78 68 98 56 42 40 31 91 96 41 86 55 59 24 75 19 28 23 83 85 52 99 3 90 57 23 65 11 15 63 62 74 79 15 23 11 
6 58 89 34 87 83 19 96 90 7 10 46 84 81 81 65 24 56 12 59 25 23 92 63 95 27 29 41 80 73 78 73 75 51 98 10 63 97 28 67 10 41 46 42 54 81 88 37 54 65 31 47 95 85 45 86 37 96 95 39 57 47 41 96 0 21 95 78 29 68 2 44 32 14 47 91 35 38 
28 0 79 21 92 92 16 22 20 63 44 10 43 68 73 20 0 81 66 57 36 26 79 7 71 69 68 78 12 54 25 60 21 68 43 82 22 28 73 56 29 4 38 88 71 41 30 57 89 95 24 59 65 91 98 11 22 44 9 8 63 29 97 80 96 50 5 38 6 98 52 10 89 42 71 40 65 60 
71 49 30 59 99 46 90 91 95 7 0 89 36 22 78 94 44 1 52 97 14 78 92 38 83 33 51 32 16 12 14 23 72 80 46 37 22 96 94 72 4 15 6 86 20 30 70 87 68 80 21 23 57 95 96 96 96 27 11 11 0 65 90 5 1 67 62 20 18 12 38 40 47 92 29 20 94 69 
54 86 23 76 84 12 19 83 61 56 53 40 34 79 8 24 28 58 18 57 88 57 27 77 82 37 59 21 20 38 93 87 12 18 23 1 16 66 11 95 13 43 44 51 30 32 16 35 18 66 39 91 46 68 4 89 78 94 47 71 16 82 82 52 50 56 17 80 49 59 70 71 18 91 15 92 29 13 
35 99 94 37 84 48 64 4 17 30 5 60 49 29 40 45 24 56 53 30 70 48 7 52 71 90 37 2 1 16 63 22 93 60 97 64 45 40 72 10 91 58 96 85 43 35 56 63 88 15 81 37 17 70 75 56 3 38 41 47 45 74 50 41 31 42 70 81 42 28 76 74 74 51 47 15 87 38 
0 59 77 45 49 90 33 5 20 64 25 90 68 6 73 51 84 12 25 0 91 18 87 63 67 7 77 6 14 92 36 65 72 34 16 26 83 60 8 77 54 67 82 73 68 91 56 30 25 95 82 44 26 18 0 30 2 90 17 51 1 10 42 17 93 15 96 73 17 43 36 3 98 51 34 1 30 55 
