83
61 60 3 56 5 18 97 78 15 84 48 25 73 36 34 46 96 93 96 15 26 88 88 66 42 22 86 75 73 50 68 6 14 77 67 17 54 40 58 26 94 69 6 33 55 23 89 14 12 24 72 86 95 0 60 85 53 32 32 71 32 13 65 55 82 72 16 50 28 31 40 60 82 1 29 71 67 47 17 25 94 3 86 
75 99 15 5 96 39 55 89 42 35 87 93 38 75 68 64 87 84 90 11 9 64 69 56 29 74 92 2 84 35 50 1 14 58 75 77 80 10 19 24 73 21 96 32 66 13 15 68 25 68 86 33 13 28 95 77 93 58 59 44 42 70 33 71 43 85 43 92 88 23 40 70 47 20 13 78 96 23 27 95 82 65 65 
56 99 13 48 26 30 0 59 88 60 28 0 26 34 14 76 0 81 25 14 76 12 95 18 88 27 74 93 87 56 35 46 43 80 35 27 36 0 28 29 80 30 53 90 22 27 46 20 95 71 93 9 11 0 13 50 81 68 21 85 94 94 91 75 35 36 55 10 67 31 30 44 83 52 32 17 81 47 58 55 32 14 22 
53 78 95 84 97 1 19 49 71 29 56 39 56 11 54 77 12 90 99 19 84 78 29 66 59 85 33 92 0 47 81 50 37 88 13 95 87 41 79 42 43 68 67 81 13 43 11 36 56 23 92 77 2 27 97 78 82 72 93 62 51 37 93 97 59 32 75 98 57 16 65 18 45 74 93 63 11 87 71 73 68 80 23 
13 5 21 78 60 24 76 83 26 85 21 97 56 65 59 80 89 79 70 5 72 57 88 60 99 62 56 5 95 62 58 11 24 26 76 22 74 6 77 55 34 77 95 22 54 53 77 47 16 60 11 39 18 54 23 98 87 45 4 90 15 71 76 84 80 68 89 82 37 12 89 21 48 27 88 96 4 17 33 46 51 4 84 
98 76 46 68 81 93 56 82 82 92 63 40 90 63 31 18 5 95 74 10 94 78 44 75 14 10 46 33 77 50 0 28 54 3 91 70 32 87 27 95 8 91 34 80 25 39 12 38 72 52 4 13 0 38 96 96 29 15 84 79 22 85 47 19 77 15 63 68 84 43 67 49 97 95 12 93 25 74 90 10 7 80 66 
46 13 26 61 67 49 59 19 52 70 0 97 98 61 87 80 33 51 92 80 83 8 37 29 79 83 22 42 32 13 21 92 73 56 29 1 65 45 15 39 23 30 59 63 28 26 36 79 90 11 29 97 97 71 80 45 9 10 81 83 63 7 46 53 65 69 78 88 32 78 55 91 82 13 46 80 45 46 25 12 83 90 48 
94 24 60 85 0 13 81 14 29 99 69 89 63 59 24 59 89 31 84 74 81 27 87 57 1 85 63 18 31 71 18 52 71 82 75 99 57 73 91 16 61 56 70 74 28 43 22 51 64 51 11 53 28 99 80 28 97 97 5 29 4 68 26 5 70 77 77 47 54 54 65 33 38 87 99 62 46 5 45 82 34 66 86 
91 23 78 80 11 40 48 54 43 19 56 10 67 80 45 18 1 45 44 4 96 21 55 0 93 3 28 7 52 34 55 85 9 87 39 47 10 23 50 36 26 52 64 71 5 19 73 62 84 48 54 16 16 45 49 0 14 56 90 95 37 65 6 10 22 25 68 70 70 82 88 19 58 90 3 23 45 34 37 20 16 9 61 
50 59 99 95 24 77 65 5 65 0 54 56 82 99 91 11 24 97 51 64 8 99 19 63 8 46 22 97 76 50 17 45 9 8 6 71 71 35 70 78 21 31 37 36 56 35 42 69 44 20 16 36 19 75 9 30 80 24 26 17 68 22 64 10 5 71 62 16 39 24 15 40 0 17 87 86 30 3 54 6 36 8 13 
48 4 17 62 57 73 91 2 46 58 15 70 16 58 72 80 31 26 3 56 13 0 46 67 42 25 15 87 49 48 27 41 26 74 55 12 60 66 91 71 59 63 90 27 86 28 34 27 31 4 69 29 87 67 38 34 65 81 34 85 76 38 70 12 80 54 5 44 55 60 8 17 85 78 66 51 81 0 55 83 52 90 25 
5 83 96 85 47 82 5 36 59 57 59 22 99 22 40 32 58 85 57 18 38 62 56 20 1 89 36 18 37 86 72 84 86 89 15 68 10 17 94 54 83 20 24 81 57 78 47 0 42 35 67 9 48 68 25 95 59 86 2 83 97 90 46 25 50 72 40 49 96 3 56 48 27 11 96 81 66 38 48 84 56 33 48 
58 19 90 16 76 75 72 93 94 97 3 55 25 98 14 99 65 0 3 46 89 61 1 59 68 75 77 54 88 28 87 82 59 74 85 38 54 31 58 85 43 23 9 88 55 75 65 68 72 47 89 29 29 83 21 65 28 84 31 50 17 42 8 80 13 29 52 95 38 53 49 58 47 23 56 24 48 63 90 44 30 8 65 
28 45 78 40 62 68 68 85 56 99 97 90 22 88 85 99 63 96 98 21 56 0 84 93 48 71 91 73 30 23 31 60 12 37 99 1 43 39 99 62 44 17 71 87 93 8 61 66 61 70 62 30 52 23 58 47 60 37 71 57 90 8 81 93 77 72 80 66 22 75 45 90 89 52 86 80 71 34 78 66 17 55 81 
83 45 56 2 2 88 10 39 3 84 59 81 36 95 91 10 61 5 75 31 1 80 11 87 80 54 24 47 30 49 33 11 93 34 23 51 15 71 45 82 31 16 57 40 34 21 93 56 39 55 90 21 76 52 35 71 13 97 27 44 50 19 72 20 28 65 0 18 97 86 86 82 25 6 43 1 66 24 91 40 40 76 58 
49 62 74 91 80 5 60 56 94 90 19 37 84 0 29 28 86 20 76 42 62 29 31 27 84 32 11 92 61 60 84 42 6 23 78 80 55 89 75 49 92 19 75 0 58 65 35 41 3 84 2 9 33 50 42 91 30 64 39 45 66 78 88 30 41 44 87 1 28 21 38 68 30 96 24 84 8 94 41 60 38 82 36 
38 77 57 3 41 43 71 52 30 89 88 78 13 84 40 18 55 94 0 22 55 17 89 81 46 40 56 57 14 38 57 5 94 76 82 94 55 53 12 70 41 68 84 52 97 79 31 3 34 83 24 61 20 1 47 48 85 76 35 6 45 88 49 66 0 51 17 87 15 94 39 8 37 77 62 13 37 88 77 29 25 26 31 
97 1 85 37 42 2 62 95 7 11 23 15 3 45 66 21 2 47 30 28 34 60 10 68 97 33 14 11 93 0 42 18 29 60 93 59 51 80 51 35 71 82 47 58 55 52 5 16 76 5 52 40 58 26 52 0 80 45 86 4 35 56 41 76 17 83 85 17 50 72 55 44 3 55 13 38 39 66 76 36 3 95 76 
90 14 16 23 36 58 77 10 56 19 45 53 27 61 20 66 8 72 89 2 98 84 91 92 63 35 18 23 86 1 0 15 83 31 98 3 41 64 93 42 92 4 70 52 25 17 58 44 15 17 68 12 97 59 1 57 74 62 97 18 89 93 43 36 77 32 7 16 54 44 65 25 11 66 87 56 83 98 28 90 2 12 44 
85 97 90 12 67 90 29 94 12 87 15 6 67 26 26 76 14 18 88 85 31 57 63 61 2 93 51 96 40 26 82 70 40 45 27 38 63 39 84 58 71 94 95 36 69 65 41 20 20 20 59 18 1 94 25 20 74 78 80 85 3 6 54 21 55 90 45 17 99 38 6 76 13 99 54 0 58 39 84 48 56 85 69 
18 14 79 60 71 88 88 33 75 2 30 29 90 13 8 40 15 6 78 80 65 80 14 18 84 57 3 40 99 32 37 82 34 42 67 1 71 28 73 10 2 81 46 27 57 21 55 97 87 73 95 46 41 18 82 65 95 30 65 73 13 90 51 79 30 78 10 16 47 1 14 99 65 49 7 12 57 96 26 66 69 27 45 
27 87 44 32 38 37 13 29 34 52 88 77 66 50 65 17 65 28 45 67 60 46 69 44 43 82 95 47 13 4 17 25 12 7 58 17 25 18 63 8 40 14 43 97 17 83 0 74 91 73 82 15 34 88 6 85 93 62 84 68 73 74 5 38 21 95 52 38 70 62 12 17 63 15 71 72 55 79 54 35 51 23 2 
39 24 15 15 15 89 34 48 54 86 2 6 60 57 52 10 78 98 5 38 36 74 96 80 70 16 75 4 4 13 22 31 3 98 39 76 76 44 12 39 52 20 52 89 51 41 44 52 20 55 99 84 73 6 96 66 2 92 20 93 87 64 85 18 43 76 48 86 62 46 64 53 76 47 24 25 8 16 75 90 43 39 96 
55 77 27 12 5 29 35 92 89 58 89 92 32 75 42 66 33 97 22 5 9 68 43 30 91 34 44 52 43 76 33 8 9 55 24 20 48 15 18 29 33 69 15 0 7 66 61 17 31 3 93 60 13 9 93 10 89 22 27 56 93 3 17 63 70 95 2 27 65 32 79 9 76 86 92 49 48 17 3 57 58 82 83 
60 47 79 68 40 94 70 57 42 34 23 3 9 36 46 88 37 3 36 4 74 66 79 53 86 50 56 82 39 66 46 16 90 21 97 16 28 40 24 7 91 71 93 39 22 30 79 7 19 17 82 72 14 12 67 45 35 67 47 37 13 66 85 79 57 89 24 73 2 23 67 89 54 9 98 37 46 61 94 7 49 40 64 
79 3 6 78 70 77 34 58 52 68 2 85 72 2 73 92 15 30 43 64 51 72 34 31 62 90 47 79 8 30 61 44 54 27 26 61 1 28 19 44 51 92 67 65 13 49 11 89 22 36 21 50 4 69 3 31 57 52 12 19 13 43 46 50 35 32 87 75 61 27 93 50 22 33 72 97 84 85 48 79 99 60 49 
65 25 4 56 61 34 73 11 21 15 43 28 76 84 1 74 60 28 35 1 60 2 20 62 6 93 30 76 81 64 38 1 33 53 89 49 24 25 45 8 21 33 83 67 36 23 1 77 0 51 19 8 73 49 31 84 75 26 45 95 17 63 42 16 47 45 45 53 21 74 97 19 72 5 38 99 23 2 22 15 16 33 16 
16 87 9 55 38 36 81 21 21 81 83 49 51 37 85 36 82 4 37 7 65 8 40 81 91 89 44 23 45 87 88 85 90 40 97 61 1 93 90 52 37 81 36 5 12 6 48 65 23 76 7 73 82 32 85 63 57 58 61 80 22 25 13 67 78 81 81 67 24 11 7 55 77 91 18 15 95 35 83 52 55 63 3 
65 85 89 98 17 0 21 10 20 99 59 35 53 56 78 38 47 95 57 6 20 92 33 70 96 98 10 34 54 79 99 49 93 70 69 96 54 83 60 13 41 3 28 55 8 68 58 94 95 79 71 87 95 73 60 3 86 36 90 17 35 16 5 5 43 34 75 46 63 80 5 16 46 82 84 93 39 26 67 15 61 40 54 
19 99 89 88 4 34 2 59 71 10 76 25 27 89 96 87 37 91 89 80 70 3 17 7 16 87 17 3 99 27 69 1 90 97 93 61 91 89 94 38 48 60 4 98 51 17 48 37 5 47 95 11 83 96 88 34 21 8 75 15 84 11 90 28 0 24 75 11 95 53 92 93 18 12 80 9 94 85 91 38 61 87 30 
92 63 37 77 28 44 9 42 22 73 3 59 96 8 41 0 29 88 12 22 43 7 83 4 98 74 35 57 49 51 54 34 4 34 14 22 29 28 54 12 22 47 89 49 3 35 71 0 4 55 68 11 41 91 40 44 13 9 89 56 66 60 13 23 91 73 11 99 58 82 53 3 89 56 12 44 55 49 31 19 80 98 95 
56 97 80 40 8 78 86 58 90 6 91 47 49 97 78 60 50 66 70 79 60 64 5 39 75 80 13 0 96 84 91 47 83 50 68 74 71 88 37 25 11 40 42 76 20 54 23 17 66 69 63 70 55 75 71 64 6 80 36 3 81 70 65 46 72 68 95 83 99 28 18 0 94 92 9 57 67 29 19 10 84 23 18 
50 44 98 89 74 74 37 53 68 49 40 84 67 74 43 39 39 14 74 62 90 79 23 42 6 12 27 78 19 10 5 55 94 87 8 39 73 10 86 81 81 39 75 20 53 5 12 2 49 46 58 3 95 11 91 19 82 81 48 88 89 0 78 33 59 12 14 69 68 26 3 0 61 93 34 1 34 14 50 12 73 53 68 
91 67 5 38 68 66 80 55 18 50 57 90 57 4 55 88 31 53 95 69 6 82 29 39 28 69 28 98 71 12 4 19 81 57 54 60 83 41 67 2 50 39 5 42 47 38 39 18 70 59 16 83 86 77 56 48 40 37 39 82 13 54 35 96 5 7 65 99 54 64 15 47 54 32 69 72 78 52 30 19 89 14 46 
53 81 85 66 30 16 12 8 96 10 98 30 35 55 84 34 69 49 50 96 55 57 50 76 90 79 63 74 60 3 6 68 4 50 74 35 89 26 37 47 67 55 44 13 56 44 68 66 61 2 36 46 29 31 59 22 72 18 14 73 97 70 95 58 35 34 57 35 9 1 68 42 28 24 94 16 50 82 31 52 12 87 62 
93 59 20 80 8 72 86 34 81 34 57 13 9 18 21 42 66 21 26 37 95 26 61 77 14 66 23 13 21 29 32 83 37 79 76 86 82 36 12 91 99 71 93 80 81 37 58 68 48 98 31 64 50 85 13 88 81 36 46 38 92 8 38 51 66 78 48 67 18 28 91 8 39 91 56 24 32 69 19 76 21 0 74 
5 42 69 21 96 12 28 91 34 81 21 53 75 91 64 67 33 91 62 32 29 73 95 92 9 12 97 97 69 20 47 49 96 35 91 12 68 22 58 74 94 93 88 5 43 30 97 92 34 78 60 27 99 21 7 15 19 33 25 51 56 3 70 58 69 78 50 68 61 8 5 23 28 83 62 65 26 73 0 53 56 25 89 
72 42 59 79 51 67 62 37 79 36 0 19 52 32 98 54 10 78 87 14 90 73 76 78 6 64 26 70 1 61 87 37 34 89 74 27 47 27 91 26 5 58 68 36 71 61 24 95 81 1 37 13 68 33 3 25 27 11 35 3 5 23 13 85 10 69 36 14 35 64 25 83 19 86 71 66 32 12 27 10 7 82 95 
22 52 28 32 58 90 0 21 3 3 77 78 36 71 57 15 5 68 94 39 73 59 67 54 72 77 37 51 62 29 6 21 64 98 83 32 33 73 13 12 82 13 6 55 62 18 14 73 80 36 66 70 2 41 33 59 68 12 28 77 35 70 64 39 33 78 8 22 18 76 26 32 27 33 0 75 59 99 3 88 15 85 38 
17 64 95 93 66 76 28 6 52 14 91 57 96 91 32 80 7 89 52 78 29 67 5 42 30 0 62 29 65 65 42 31 84 46 99 39 97 57 61 97 48 74 16 5 34 46 8 20 98 95 85 74 71 2 32 11 17 68 58 67 80 79 95 26 16 13 1 70 31 55 59 54 26 99 89 83 48 8 71 62 64 7 34 
33 21 76 79 89 83 79 76 78 94 1 48 73 40 79 15 82 24 97 6 9 86 25 25 8 85 51 72 71 75 2 57 4 89 24 56 11 41 26 31 73 12 55 21 58 56 42 91 52 63 45 83 67 39 45 73 71 6 21 47 4 30 54 63 7 9 11 29 69 2 76 88 49 77 89 59 79 17 30 93 44 66 29 
64 90 73 94 20 8 68 59 48 15 70 85 59 93 91 41 96 71 78 89 95 17 80 22 0 78 11 49 39 29 99 34 59 27 76 61 27 4 17 56 71 14 13 62 83 82 49 6 15 49 42 77 27 94 61 67 70 37 41 93 70 4 7 19 91 19 70 56 42 11 70 71 24 56 7 94 76 75 8 2 73 71 69 
89 9 88 55 4 52 70 55 57 33 44 70 50 16 4 28 65 40 88 51 39 12 96 75 0 81 91 36 0 74 53 72 48 61 2 96 25 46 83 21 74 6 86 52 97 82 8 24 23 6 92 48 93 85 20 33 48 91 64 41 81 71 19 30 50 94 84 22 37 20 46 56 10 74 97 81 57 86 77 65 58 32 11 
97 17 25 38 26 46 30 35 19 5 94 25 15 68 89 83 46 29 78 58 32 47 13 46 73 54 50 49 88 99 9 43 85 71 83 4 93 79 61 6 50 60 1 67 44 81 38 11 41 5 33 78 68 5 2 32 0 76 60 55 4 25 42 59 62 94 51 49 39 2 53 17 42 5 6 9 37 33 4 7 53 69 36 
24 72 86 66 32 38 74 91 74 53 64 51 13 87 83 9 1 18 39 6 91 79 82 31 51 4 84 4 68 7 41 18 55 29 52 80 6 2 45 99 76 8 85 91 41 27 38 74 55 69 34 47 73 24 53 43 97 47 55 2 61 51 60 1 95 50 46 14 57 86 57 44 79 88 95 23 16 55 47 92 29 30 8 
25 74 19 43 63 87 74 21 69 19 52 79 37 27 87 93 37 65 60 70 58 41 70 66 91 78 76 85 89 26 33 8 24 39 78 43 1 26 68 94 78 65 72 54 92 85 45 7 8 71 94 59 42 45 57 86 54 58 60 94 92 38 2 27 51 55 50 43 79 92 9 83 45 12 70 93 63 60 79 78 81 31 86 
18 22 55 50 32 25 8 24 32 33 45 10 7 55 59 19 21 67 46 18 38 57 55 41 83 75 60 10 54 93 68 57 13 76 42 75 99 67 65 92 0 64 55 97 26 44 42 49 34 7 88 50 41 95 23 91 66 59 89 17 9 71 2 59 80 15 20 67 79 94 49 72 53 90 52 1 43 33 13 4 5 10 59 
37 56 62 27 82 36 15 11 44 21 60 30 92 25 35 40 52 92 16 75 4 73 41 76 93 95 79 39 40 48 36 57 8 45 88 40 79 45 19 2 48 49 92 72 96 98 48 58 30 95 13 80 19 74 39 51 90 4 2 65 21 53 90 48 14 94 79 42 6 23 55 30 89 9 59 15 39 29 95 18 77 59 98 
67 39 25 19 73 46 28 49 43 23 81 58 78 32 91 75 48 51 8 24 71 77 34 16 44 92 48 10 84 42 25 87 73 74 66 33 18 89 79 37 60 93 12 66 40 77 66 89 86 94 90 48 57 66 15 75 62 89 59 23 8 88 79 76 97 2 28 61 22 45 15 37 56 13 94 9 95 82 49 85 25 79 75 
61 56 40 56 98 82 80 44 45 42 56 51 80 4 9 89 71 85 81 38 47 48 53 14 75 77 98 75 11 13 50 43 66 37 46 50 27 67 19 21 52 82 25 24 20 25 12 55 59 35 50 27 97 4 91 57 80 84 9 56 18 57 87 48 95 66 44 55 98 2 88 95 56 12 68 91 67 61 40 15 6 81 70 
39 91 55 17 43 84 83 8 65 23 82 61 96 92 36 71 5 61 11 28 50 62 68 76 51 94 67 39 20 63 9 77 12 94 74 60 88 91 45 6 17 13 67 86 16 29 83 34 24 30 41 23 86 68 22 25 56 81 80 50 92 46 80 18 16 94 80 88 68 26 64 28 80 53 60 80 72 67 76 38 6 70 52 
13 50 64 15 12 62 80 96 96 41 67 22 93 67 63 14 81 78 28 95 17 22 71 83 89 8 84 53 54 77 88 29 10 11 53 73 16 14 30 26 55 96 74 68 11 23 44 95 99 23 33 65 57 40 47 45 11 75 54 27 50 40 17 44 78 29 75 73 50 38 32 18 90 57 67 80 95 66 26 92 98 87 81 
32 61 77 96 69 79 14 96 83 71 80 65 84 89 72 66 31 41 25 29 97 48 20 35 79 17 99 76 68 93 26 0 35 80 17 30 96 9 61 58 59 36 36 35 85 70 16 66 48 21 68 38 55 43 4 69 26 74 38 71 64 94 7 62 62 67 37 43 97 41 84 9 5 30 40 76 48 91 96 47 26 27 85 
43 95 89 54 81 27 89 20 55 83 3 71 84 5 29 48 45 22 51 87 67 71 55 72 15 29 82 61 10 98 50 55 87 98 20 22 67 56 63 88 99 66 6 30 76 75 18 74 89 63 58 9 10 47 2 17 90 71 9 51 86 69 35 82 83 47 18 84 71 59 39 62 33 89 33 80 56 26 67 23 42 37 52 
59 40 11 57 25 35 43 58 38 19 17 97 79 11 91 68 7 85 14 85 39 26 63 93 33 3 57 63 76 97 40 64 41 43 29 56 35 22 72 38 45 93 24 80 68 86 45 30 17 6 76 70 14 41 96 82 28 17 88 23 76 86 39 61 7 82 75 7 12 80 7 9 26 48 52 25 20 25 42 76 76 28 24 
22 31 0 45 81 78 95 35 42 39 16 46 25 16 66 3 84 14 97 79 35 67 40 51 83 88 28 57 10 45 97 8 71 66 95 6 3 99 27 74 4 14 32 22 62 57 61 20 24 8 33 89 60 60 22 63 7 46 98 63 39 59 44 75 84 40 40 70 3 67 87 69 70 56 26 47 57 38 88 77 45 62 71 
88 28 47 57 10 12 21 32 31 81 92 77 56 26 4 1 21 80 5 90 45 7 9 49 40 86 79 40 68 78 5 28 73 34 14 60 74 18 65 14 58 35 86 56 53 59 50 71 33 74 63 72 20 28 57 2 42 85 28 4 28 76 87 59 64 88 38 97 65 90 90 11 23 16 10 90 97 86 66 77 55 32 11 
65 79 44 65 77 44 86 32 88 49 46 75 18 8 25 71 20 90 72 37 68 91 25 47 93 72 60 1 80 69 4 77 29 58 84 96 41 31 93 28 16 46 52 2 94 77 40 5 71 24 86 41 85 50 63 99 27 89 52 18 0 23 60 71 28 29 38 34 19 62 33 40 24 89 51 86 46 52 50 68 11 85 82 
51 57 47 48 16 99 30 35 25 40 72 41 15 23 76 57 16 51 86 96 40 25 85 74 66 72 89 44 63 13 20 40 1 65 74 21 71 1 66 20 31 45 17 75 91 53 92 78 12 20 74 57 71 10 74 26 46 41 19 56 55 56 1 79 61 41 28 94 28 45 49 55 83 35 50 75 33 21 55 56 40 51 95 
71 43 38 76 6 22 28 98 19 0 52 7 19 98 96 81 51 59 47 15 89 29 53 78 19 33 97 82 80 20 3 8 67 22 67 59 95 99 70 76 1 61 25 92 45 85 19 32 84 75 56 72 93 65 8 73 91 57 5 6 28 86 82 2 6 5 88 95 31 52 23 58 29 44 63 91 80 1 54 54 80 94 27 
88 36 0 3 92 13 3 15 29 71 76 5 44 82 79 42 0 93 82 3 66 17 79 31 16 56 74 64 34 5 14 0 71 33 61 12 70 48 32 8 65 62 66 91 75 4 82 11 6 70 95 89 56 8 7 99 43 94 92 18 9 25 87 50 9 44 64 56 44 20 88 61 32 24 14 34 79 56 32 57 9 85 53 
81 99 33 0 85 92 38 80 67 34 26 91 84 74 86 78 78 86 20 47 65 56 70 26 63 27 2 6 82 13 67 31 37 40 26 29 72 39 86 57 48 2 30 0 11 11 54 54 40 31 46 48 24 71 23 17 50 64 97 55 36 99 14 86 27 87 61 80 16 68 41 51 5 8 54 15 84 90 57 40 55 4 40 
56 22 15 67 39 18 5 63 5 38 21 69 65 28 86 48 47 57 67 88 62 74 93 14 32 28 72 14 68 75 44 39 51 75 94 63 69 84 90 67 98 48 4 29 52 75 48 89 51 99 12 61 71 54 93 23 63 58 13 97 31 91 31 67 53 56 74 70 2 39 36 8 11 23 4 49 43 53 43 61 11 55 40 
39 33 6 23 30 20 6 18 11 24 92 7 28 86 7 6 44 58 40 51 64 36 93 66 70 91 50 39 92 53 55 49 99 88 33 59 22 30 84 81 99 67 45 97 58 49 10 13 54 49 31 46 33 17 36 56 59 7 93 25 70 75 69 68 32 5 44 54 42 58 52 87 46 25 71 83 69 55 60 21 4 52 3 
58 8 49 23 27 72 87 95 25 3 34 4 77 55 27 95 8 70 96 74 45 11 21 54 69 57 16 41 13 85 94 21 26 25 1 62 28 62 39 8 38 98 2 40 52 83 14 61 20 53 19 71 17 39 7 90 95 82 84 1 89 25 39 57 67 0 85 61 29 72 0 55 80 1 46 30 22 52 83 96 86 65 73 
78 56 68 3 14 11 91 6 80 40 88 4 7 21 49 9 84 99 87 93 77 88 51 67 96 33 43 88 97 91 68 44 42 23 73 18 35 40 58 27 3 12 47 12 14 27 28 65 39 43 34 18 29 94 47 18 68 94 19 67 3 99 72 85 65 60 79 31 76 36 41 63 5 24 66 19 66 81 33 60 47 47 21 
4 69 93 90 37 64 62 57 8 8 61 87 43 95 9 29 34 82 99 29 58 66 44 4 41 13 28 96 79 99 41 85 18 47 42 61 40 50 11 36 81 52 2 14 84 62 60 28 24 45 38 7 68 18 60 89 55 89 23 40 46 91 92 81 56 95 4 90 57 5 11 89 68 29 69 41 62 15 79 14 35 24 29 
53 92 65 0 54 88 75 31 59 9 99 43 66 34 78 64 74 2 58 72 86 28 73 43 24 62 3 85 90 49 52 15 0 19 51 68 82 88 10 56 27 19 35 32 95 9 16 97 69 0 39 36 58 17 68 19 23 8 41 69 9 30 29 28 92 57 92 12 41 92 27 41 85 1 87 78 44 4 41 60 79 99 90 
61 82 8 64 66 65 48 97 25 14 44 90 81 92 6 29 16 52 51 14 63 81 60 44 76 50 51 16 76 23 78 49 53 0 96 87 35 84 29 99 92 18 1 92 78 46 97 37 20 58 25 78 97 11 17 97 48 32 11 42 50 15 3 94 55 40 17 61 95 62 80 55 81 52 80 95 62 33 75 28 60 36 26 
96 55 71 43 37 53 35 91 31 34 94 20 0 22 69 0 0 42 5 81 14 22 4 26 23 70 36 4 2 4 81 87 68 31 17 28 82 7 82 95 98 95 83 46 15 40 31 16 74 55 87 92 74 70 63 26 15 33 61 12 19 85 65 19 45 82 89 33 24 5 69 31 48 73 60 5 56 16 63 89 7 50 54 
81 85 85 12 28 19 68 26 11 55 97 53 42 76 39 23 38 37 9 73 32 8 17 71 4 1 41 32 43 77 72 64 55 46 99 91 64 17 86 4 44 67 25 84 81 68 55 39 19 90 38 29 49 15 7 45 60 24 5 18 83 6 21 82 83 61 20 69 27 78 72 72 36 66 49 87 46 31 61 32 16 68 68 
38 62 49 62 78 13 16 79 2 12 30 36 48 29 18 0 74 48 25 97 28 91 36 78 85 55 59 35 7 40 58 87 91 92 13 46 26 35 96 67 11 42 98 13 70 25 41 75 89 79 0 46 17 57 49 6 95 44 12 65 49 76 80 15 77 97 77 93 17 34 27 69 10 9 98 18 35 50 67 25 46 84 12 
18 43 94 57 99 60 35 95 28 64 44 2 80 38 23 90 72 19 57 30 0 62 82 30 80 37 17 83 62 97 28 17 62 85 37 56 3 48 34 20 63 9 43 24 42 41 26 87 61 28 29 46 42 76 60 33 5 75 38 44 62 31 14 50 70 29 43 75 91 56 17 75 59 64 39 26 89 23 53 50 60 12 86 
96 90 19 92 72 93 68 69 16 65 64 38 76 57 78 60 4 68 35 34 59 80 61 18 13 85 47 43 0 96 38 12 91 80 83 0 74 44 58 22 27 43 19 33 39 51 79 32 37 24 45 35 53 29 76 69 16 22 6 3 20 66 76 55 90 12 45 58 37 52 47 56 39 32 96 70 94 85 50 38 49 93 3 
23 36 22 73 4 83 40 22 78 43 46 60 2 95 10 96 9 11 52 44 60 21 44 27 25 78 67 97 59 52 57 69 6 38 13 8 54 30 40 90 62 21 74 71 82 26 74 12 26 76 50 1 18 50 51 53 26 14 68 41 27 74 58 33 81 52 79 92 92 97 24 83 2 9 77 25 35 49 65 90 76 97 90 
38 2 61 74 58 78 59 5 2 2 68 15 82 83 13 6 55 82 24 77 84 34 96 69 83 49 90 85 74 35 90 45 71 95 14 63 61 64 33 17 64 47 96 27 65 4 99 82 27 32 28 63 82 83 22 6 7 11 87 95 51 43 50 94 80 30 25 31 82 32 84 45 67 56 48 48 4 60 3 38 9 74 35 
83 12 12 62 5 9 86 30 75 85 57 83 58 25 59 78 23 98 59 91 0 67 87 31 1 35 76 64 15 30 35 31 79 90 65 5 74 79 66 98 13 24 99 34 69 2 42 49 85 20 23 15 55 92 69 81 90 52 67 71 96 24 53 15 17 1 50 19 48 60 75 79 98 41 64 46 22 50 75 11 30 88 95 
63 1 98 89 70 34 38 1 96 46 52 10 59 3 72 52 83 43 8 1 41 84 44 53 33 97 95 25 95 51 59 60 68 31 16 65 75 79 26 99 67 4 2 82 92 70 68 10 14 20 34 3 21 16 80 80 8 44 47 1 40 18 68 60 30 0 84 35 74 72 34 8 43 75 62 99 8 83 4 53 80 3 48 
26 81 75 5 44 66 72 35 51 12 41 96 30 57 13 24 4 89 93 98 24 84 35 39 15 33 80 80 67 84 71 28 94 87 27 43 85 24 87 96 31 71 6 98 46 96 70 34 4 27 30 36 43 48 35 59 91 53 83 57 2 31 93 95 15 30 93 63 0 22 61 84 93 95 75 91 16 87 50 68 26 72 3 
27 98 49 15 33 51 82 75 70 29 48 48 97 0 42 34 1 35 59 5 72 64 45 18 1 81 28 69 31 72 96 56 96 16 99 12 76 31 71 11 56 25 13 33 18 78 51 0 40 61 64 68 84 33 22 1 79 20 89 48 63 36 47 29 33 45 48 46 45 62 92 69 66 60 63 91 46 89 70 37 44 95 49 
49 87 28 81 59 59 53 7 71 68 19 66 50 58 66 58 76 21 2 62 79 32 76 85 11 41 33 85 72 46 75 85 85 79 52 74 27 49 57 85 1 26 25 31 19 78 46 81 98 50 29 39 31 83 85 5 73 95 66 74 36 33 80 61 84 95 19 65 55 65 15 92 35 60 85 28 92 81 17 31 70 97 63 
25 28 2 41 40 3 80 19 24 95 53 90 29 13 46 27 62 74 84 99 44 20 0 28 52 25 20 95 82 5 62 34 31 6 86 26 90 20 15 45 35 91 7 9 28 8 30 1 70 8 53 78 32 0 57 54 83 74 6 85 78 69 29 64 77 52 2 95 70 86 62 72 59 98 2 22 83 50 85 25 67 28 13 
98 25 33 74 23 37 19 63 14 85 78 58 79 95 48 46 92 77 89 59 36 92 3 67 40 38 2 52 22 7 8 75 53 71 36 28 43 7 25 8 54 61 3 44 4 41 49 39 30 46 66 44 24 39 77 1 76 68 81 24 94 37 71 72 63 13 48 16 69 7 82 40 78 14 29 33 2 16 31 32 92 30 1 
