94
2 29 80 27 22 77 86 37 36 23 35 90 74 86 47 0 53 23 58 74 64 39 96 48 51 33 80 21 31 31 46 52 75 79 10 5 70 14 49 45 0 56 75 42 83 49 24 86 34 88 25 62 57 11 10 96 48 56 41 86 79 71 54 53 7 45 78 93 21 97 55 46 44 29 82 69 89 64 80 91 69 83 67 27 43 30 68 90 59 38 75 92 24 9 
67 45 97 58 8 88 28 14 51 87 19 40 28 83 91 2 59 12 35 76 9 73 31 47 71 27 88 58 81 59 27 1 81 78 45 44 19 92 1 14 93 49 10 56 12 9 17 56 50 28 79 63 43 22 87 83 46 79 18 2 28 59 52 65 65 25 64 9 96 63 66 68 2 64 68 48 51 37 79 25 72 1 67 96 68 51 13 72 74 30 18 16 41 33 
92 52 38 1 66 90 99 40 65 1 53 0 22 49 33 69 73 57 97 68 87 63 46 45 79 86 73 3 67 26 29 20 93 67 28 76 58 48 76 71 76 20 78 52 24 20 70 72 46 73 61 88 24 31 59 39 71 19 57 39 62 66 71 40 25 52 4 50 65 85 78 89 41 10 14 4 49 63 70 66 56 92 53 66 61 90 52 45 23 14 53 78 30 85 
30 13 74 11 17 49 62 94 71 28 78 46 16 90 41 55 96 55 78 39 40 86 19 54 8 15 97 88 34 83 8 43 65 75 94 99 83 43 78 15 49 54 58 44 4 32 61 96 57 3 24 97 74 19 14 77 73 25 28 11 26 67 11 96 93 14 23 4 62 9 16 63 49 14 44 1 42 27 73 94 81 31 2 2 52 2 57 21 1 63 11 63 23 21 
4 68 50 27 67 58 35 10 89 84 14 52 30 24 39 54 96 77 56 41 44 87 76 19 77 71 49 90 76 74 21 43 82 67 15 81 56 66 41 67 28 13 10 68 47 25 78 90 39 81 81 19 71 47 85 21 25 87 13 72 82 75 58 55 14 37 22 47 32 20 28 8 54 77 35 62 54 85 27 87 45 97 65 68 5 23 40 1 10 73 88 27 53 19 
96 81 3 41 33 7 54 47 49 88 11 46 42 46 97 16 34 8 26 75 88 56 7 94 19 47 55 37 76 18 52 96 86 26 94 45 21 1 57 23 50 8 34 14 43 73 71 32 84 90 56 69 66 75 41 4 29 42 4 43 31 69 29 90 72 94 3 27 29 15 35 93 62 47 11 46 81 42 28 3 96 45 44 45 19 74 7 34 6 67 87 71 38 81 
95 40 99 13 9 44 15 18 79 76 34 95 87 51 49 77 80 41 2 92 37 73 58 71 14 56 14 81 69 80 77 4 58 46 98 50 52 57 21 31 88 96 68 30 66 7 44 18 7 13 95 48 32 42 12 64 60 40 54 14 1 0 91 76 6 69 21 2 93 32 20 25 44 62 47 76 87 87 91 45 32 3 54 69 80 52 77 28 66 48 73 32 61 97 
13 16 47 96 57 92 32 46 76 88 86 38 11 50 23 75 5 6 37 56 11 66 95 31 53 83 16 76 16 55 13 73 15 80 77 71 53 9 48 3 61 56 22 86 36 8 33 14 13 94 73 51 78 32 49 79 64 57 79 63 85 84 26 14 65 12 24 63 9 17 38 27 30 93 36 52 51 70 53 22 58 11 8 13 76 18 91 32 97 46 1 81 14 83 
75 93 39 32 84 43 81 79 17 1 4 16 72 60 3 75 37 38 29 83 99 17 8 42 77 22 93 91 0 35 50 96 25 78 60 96 81 96 66 76 2 87 39 95 70 57 80 12 62 13 22 29 60 63 50 86 90 80 56 95 98 64 98 22 48 57 93 1 71 97 67 76 64 44 99 72 78 63 19 41 75 1 52 9 36 0 87 74 74 48 81 41 69 37 
21 66 3 66 50 66 70 7 24 38 92 23 64 30 20 83 59 85 73 88 28 40 11 27 2 7 38 88 54 27 79 93 91 51 27 13 55 50 14 61 61 8 69 9 37 89 40 8 12 13 39 31 63 28 17 37 19 49 2 53 33 92 34 60 32 99 71 82 40 63 68 51 47 51 52 3 91 65 34 83 51 84 55 66 46 91 46 81 2 92 37 88 99 41 
28 79 29 35 91 68 28 85 38 62 21 98 32 79 18 90 34 75 22 55 13 37 60 76 39 44 12 71 59 95 68 36 39 9 24 6 8 93 96 98 49 45 32 83 74 98 6 61 76 40 39 82 86 4 96 14 82 24 40 47 30 7 99 31 38 90 72 66 54 67 0 35 89 8 10 82 54 48 30 24 40 7 70 84 53 95 21 56 8 24 94 43 79 48 
62 52 24 19 90 88 80 47 99 69 79 80 69 61 67 25 23 57 14 95 89 11 11 18 0 43 17 9 83 57 13 46 63 5 7 4 32 79 31 82 63 31 45 41 76 50 1 1 97 99 11 64 66 12 88 49 65 0 22 21 46 74 37 56 79 53 86 24 65 76 2 30 22 17 56 98 76 93 1 87 0 98 53 87 88 78 31 75 23 96 69 0 15 45 
2 28 41 21 73 55 1 59 22 12 41 71 57 95 39 28 67 85 80 23 77 0 12 7 17 82 92 25 56 13 34 72 78 25 91 47 95 85 9 76 83 56 12 69 78 92 83 29 50 10 84 40 40 46 28 64 21 32 50 21 61 12 84 20 1 42 59 21 18 3 52 90 11 1 82 8 29 70 92 84 67 73 49 63 52 29 98 64 99 94 74 63 98 30 
64 76 96 33 98 5 93 53 22 89 73 13 89 14 72 57 56 42 65 95 95 58 70 14 74 80 9 9 44 3 81 2 62 17 58 80 76 81 36 62 99 79 55 7 7 97 89 71 1 39 65 57 10 11 55 36 66 48 68 99 67 2 72 80 99 67 36 16 60 8 83 66 0 78 73 70 9 28 70 55 94 87 46 85 17 77 29 67 20 79 62 93 52 42 
89 85 57 73 10 49 36 86 70 37 64 86 68 52 86 11 89 54 96 1 53 32 5 25 34 28 27 30 91 19 23 29 50 44 78 89 59 43 94 75 93 29 67 69 68 95 36 22 21 2 66 46 73 46 34 9 12 58 36 81 51 0 92 26 6 46 54 80 99 34 67 52 36 87 22 25 44 57 13 58 65 95 39 50 95 23 8 55 29 98 13 59 24 10 
31 5 88 66 71 73 47 22 31 40 47 89 15 91 97 40 78 37 47 60 10 60 18 47 59 1 95 7 0 29 45 52 35 30 90 37 11 94 55 31 49 18 54 30 37 54 54 25 43 69 98 97 40 45 35 29 54 69 64 61 69 79 28 41 54 37 83 86 61 35 62 8 90 12 5 47 65 43 67 80 32 73 70 82 83 56 5 27 90 94 83 77 14 76 
57 95 53 74 55 45 10 66 37 91 38 53 37 35 29 73 42 1 4 5 42 52 10 82 69 47 15 8 71 58 65 61 9 84 43 66 13 95 73 81 75 90 17 70 12 6 68 26 64 32 96 9 48 99 26 47 83 99 65 60 46 89 13 66 76 73 91 0 71 91 38 24 85 75 15 65 47 97 46 76 56 72 12 5 87 66 77 79 70 25 39 80 31 93 
22 62 13 63 4 76 32 46 97 21 34 8 71 0 2 51 47 67 67 67 48 54 27 29 97 93 14 86 3 78 58 19 5 2 64 64 39 42 60 15 59 22 35 26 70 33 62 9 96 21 24 15 99 18 92 85 42 62 89 10 63 85 6 66 61 26 82 33 84 94 31 90 27 55 35 25 88 10 29 30 32 91 92 42 18 95 6 37 18 9 28 53 64 84 
89 38 10 49 35 78 71 36 73 28 69 6 51 45 93 2 56 63 96 16 38 58 1 40 69 65 59 19 13 87 81 94 10 8 33 4 26 98 7 33 6 4 9 20 11 18 57 5 48 99 66 14 92 0 56 69 5 74 72 72 32 24 76 52 33 87 25 26 72 67 41 67 42 3 0 32 70 40 27 80 43 34 28 62 22 61 23 54 6 55 5 15 28 92 
19 47 70 59 98 52 8 12 41 72 1 4 17 84 20 75 96 13 18 41 69 32 65 27 21 40 4 17 75 45 38 27 27 40 25 45 80 82 15 44 59 43 7 87 44 13 98 78 28 58 78 75 22 7 49 47 43 53 71 3 57 70 9 80 35 58 14 44 96 72 92 77 15 8 92 97 18 19 72 59 2 42 9 28 22 52 85 16 69 43 3 74 55 50 
54 93 9 4 85 17 28 69 72 33 56 80 36 13 78 9 77 4 52 33 77 17 25 70 9 64 99 5 52 13 22 96 4 68 19 32 14 31 83 66 42 13 47 25 16 76 16 88 33 79 16 83 28 18 43 50 78 58 37 39 70 48 48 28 28 30 30 86 61 43 94 38 31 97 80 49 22 97 20 39 73 22 35 4 96 33 13 72 16 46 34 41 46 68 
83 56 6 72 18 48 42 64 35 71 58 89 51 15 63 92 3 32 21 90 81 80 4 33 9 32 30 83 27 79 78 80 99 86 20 40 43 72 57 98 69 42 28 17 39 74 71 14 84 16 8 95 9 28 23 27 42 81 57 82 92 58 23 72 78 18 57 15 8 0 98 10 4 82 49 13 26 21 95 66 79 22 51 69 41 75 83 45 69 52 96 64 93 45 
34 69 78 86 19 17 27 30 50 27 89 53 56 53 74 17 41 89 45 72 17 40 47 77 83 11 24 68 12 15 85 23 77 43 98 0 90 13 50 61 83 14 7 64 29 33 43 39 14 54 20 43 99 56 28 46 99 79 54 14 24 48 33 26 33 9 67 0 35 49 41 89 78 82 14 34 45 88 27 0 51 25 31 62 20 56 63 74 54 64 59 30 29 83 
33 54 83 79 44 92 74 44 82 42 52 19 94 0 32 64 68 82 94 67 27 51 65 50 70 17 34 3 96 15 42 76 5 33 73 17 45 90 54 33 87 45 51 18 72 46 49 71 40 55 77 27 10 31 38 48 39 28 50 58 88 14 28 47 97 48 17 76 18 66 60 98 49 84 64 2 67 71 81 54 12 54 30 18 67 89 21 80 71 85 66 29 55 59 
59 36 0 68 25 56 52 34 95 97 32 13 4 64 11 36 3 81 91 83 11 19 6 27 45 80 82 42 10 74 93 78 98 98 79 92 79 79 85 95 16 47 24 91 17 11 85 37 64 41 36 95 50 75 99 30 48 13 39 54 10 68 59 34 73 19 66 47 73 44 96 80 90 0 48 66 76 43 32 66 27 96 78 24 21 21 67 49 74 67 84 29 54 48 
80 27 65 69 5 8 49 60 46 79 50 53 10 98 62 21 88 90 93 47 66 72 82 13 41 45 0 62 31 76 82 56 12 3 98 90 79 48 14 81 93 97 19 84 56 16 14 56 49 29 25 81 72 82 79 56 97 42 26 10 61 89 2 76 8 0 79 16 85 40 83 95 24 78 50 5 90 78 11 69 36 5 4 44 36 58 39 9 20 91 83 71 69 14 
74 43 50 98 0 16 27 17 70 1 51 53 14 78 42 10 47 95 56 60 93 47 77 36 5 96 53 57 96 13 29 94 46 25 37 47 46 90 21 85 90 35 67 71 8 26 2 35 40 63 65 26 29 41 28 48 71 70 12 0 76 28 55 20 82 75 34 45 97 18 11 74 14 13 30 43 71 40 36 1 28 43 72 69 11 36 13 86 16 47 50 79 28 83 
24 51 54 24 35 68 48 20 0 43 52 40 55 22 68 18 62 40 62 94 91 95 32 78 76 3 72 41 17 79 43 48 56 64 18 24 27 26 20 76 49 8 59 40 67 92 75 42 40 20 89 13 53 20 16 72 48 78 47 19 87 64 6 41 43 16 19 88 10 29 48 94 18 26 35 28 28 5 75 46 8 90 11 86 91 93 58 62 39 51 45 10 80 89 
84 7 52 24 59 99 56 29 89 93 55 15 52 28 85 8 37 20 88 60 47 69 43 10 14 81 7 34 21 80 30 83 78 78 4 14 19 38 34 75 78 55 7 29 74 89 14 42 16 9 65 76 29 69 92 11 82 63 37 95 45 0 79 22 63 90 95 60 76 80 27 43 44 42 28 43 93 54 55 6 52 41 95 33 88 94 2 55 99 40 72 2 0 59 
50 93 32 47 1 93 64 54 44 21 79 28 24 28 61 59 89 9 14 52 54 71 82 1 61 71 83 62 90 4 78 48 88 89 40 1 85 82 16 70 3 76 54 43 87 75 6 17 99 39 54 38 93 27 54 93 66 51 66 0 29 15 31 80 92 2 88 56 89 13 69 15 54 81 5 92 59 69 16 3 34 51 19 63 77 11 84 26 88 58 43 70 26 89 
51 58 74 31 72 48 43 23 57 7 88 24 17 35 46 43 79 26 48 99 94 38 18 85 44 69 71 81 15 39 33 53 14 22 38 9 3 12 72 77 74 82 26 48 2 64 54 74 83 21 51 60 26 1 60 15 66 22 92 63 69 16 5 11 1 73 41 35 65 66 67 6 14 28 99 66 47 43 29 84 16 61 78 73 84 26 98 39 74 19 86 5 46 66 
32 84 30 90 41 63 31 60 54 94 99 54 55 37 16 56 23 27 86 49 14 12 19 31 6 96 84 71 17 59 17 75 4 94 74 90 8 19 61 28 87 81 15 63 6 62 50 54 54 42 41 21 54 65 88 6 82 14 64 23 94 97 79 8 58 55 29 56 78 59 66 92 11 83 88 40 13 93 65 31 4 58 2 42 6 22 35 60 71 42 18 45 83 62 
64 81 97 1 27 13 70 16 59 5 38 17 32 76 38 70 28 21 42 77 87 39 82 33 43 25 0 94 15 65 14 95 23 82 79 6 41 87 0 74 15 59 11 69 33 80 64 20 68 42 8 84 29 9 35 7 32 65 83 68 53 1 47 11 76 43 34 73 85 97 52 89 19 86 43 25 90 79 0 68 44 12 14 52 65 38 80 23 83 72 54 83 73 7 
64 75 24 56 59 35 28 80 50 48 70 66 3 0 99 33 32 37 29 8 39 24 1 9 9 66 15 98 50 63 99 27 31 35 79 76 42 38 15 62 91 48 77 23 60 62 63 55 47 40 86 42 20 28 82 68 2 95 26 75 79 8 79 80 91 75 16 37 39 32 28 3 62 36 63 92 81 27 72 48 41 61 12 31 69 76 77 67 68 72 89 26 0 14 
50 78 9 46 43 33 65 59 9 78 84 21 5 71 45 83 13 85 31 87 66 92 30 60 96 94 38 83 74 65 83 66 10 26 15 88 81 30 69 77 88 55 91 23 46 31 91 43 54 13 60 79 85 36 35 53 13 94 40 68 61 82 66 86 24 43 51 19 70 82 67 81 75 95 25 61 11 15 60 70 63 60 96 33 65 14 75 73 86 55 67 85 81 63 
98 76 57 18 93 17 33 86 19 91 12 41 26 40 35 68 4 39 44 39 3 92 76 74 87 70 49 24 94 88 11 66 50 71 55 46 47 27 67 42 24 56 57 1 80 96 75 26 26 64 56 77 6 97 33 35 55 91 48 81 21 49 74 60 92 19 84 88 75 44 51 34 84 22 36 0 13 61 71 2 20 17 1 3 24 80 42 43 11 76 49 62 20 29 
71 25 30 80 62 58 24 37 54 94 53 47 55 86 56 90 66 18 60 60 58 68 61 97 87 24 70 69 43 24 16 48 93 25 37 19 83 55 51 50 39 62 12 58 52 53 89 91 17 51 7 18 59 5 74 63 46 47 5 11 9 7 12 2 77 80 13 34 41 4 42 74 7 94 48 99 49 19 53 86 7 76 24 20 37 36 1 78 76 85 56 12 5 50 
0 86 94 70 61 91 66 87 83 18 33 14 95 38 97 64 71 45 56 47 29 69 2 24 21 40 99 56 75 42 74 5 21 17 17 31 95 25 36 56 34 42 46 5 15 7 60 35 3 89 25 95 72 93 43 50 99 3 91 89 22 88 67 92 54 42 54 30 81 56 85 10 21 81 90 57 73 2 9 56 21 1 26 67 10 76 60 56 1 31 75 84 80 26 
66 57 11 19 12 5 0 24 0 21 22 4 52 40 84 64 50 44 86 82 30 29 3 2 13 6 78 53 76 40 22 52 10 73 8 13 11 50 80 21 4 78 60 38 8 47 38 68 94 98 17 4 70 47 39 99 66 3 38 85 17 31 60 6 91 50 86 43 32 38 76 76 83 4 55 41 75 10 85 54 45 35 71 82 41 94 37 88 32 47 97 83 47 48 
26 93 45 31 72 71 39 38 61 55 92 67 84 39 1 73 70 58 99 50 30 5 8 95 6 80 73 75 80 98 29 82 7 47 24 85 26 78 55 4 91 80 19 16 78 4 93 52 21 24 72 15 36 32 51 68 2 75 98 2 86 15 36 47 1 38 88 15 85 83 56 33 18 54 68 30 57 66 0 99 74 44 56 71 76 85 64 26 37 73 24 56 52 98 
56 17 14 9 97 89 87 99 19 65 10 13 95 70 42 38 73 98 68 7 11 41 83 86 10 37 14 30 17 34 48 54 35 9 7 76 79 40 6 54 88 80 46 89 23 47 76 99 80 25 73 67 33 42 23 15 55 56 3 10 58 36 8 84 0 43 19 7 26 4 58 96 90 25 72 79 62 66 71 23 63 23 31 58 38 25 98 18 27 45 18 14 44 96 
83 67 61 87 72 27 26 55 54 12 86 78 85 45 95 14 39 27 63 62 82 43 6 46 4 0 99 7 72 16 5 48 58 45 86 81 36 66 43 39 93 38 47 58 80 61 26 51 77 63 87 48 64 66 17 94 79 44 35 9 68 66 7 52 60 11 76 45 0 38 49 20 58 24 78 20 72 98 3 70 35 74 4 71 31 4 31 68 17 32 78 73 60 27 
12 27 49 68 91 19 67 98 68 85 86 32 74 37 20 44 34 38 56 53 1 57 4 55 68 77 25 45 48 33 54 71 10 69 5 98 82 35 11 94 92 54 31 15 8 70 97 19 3 59 33 47 16 3 99 41 33 96 0 99 71 2 39 38 63 19 21 22 86 20 18 38 22 28 80 8 16 33 11 39 95 38 88 97 17 25 16 24 28 85 88 65 68 64 
7 77 89 12 67 99 58 40 41 78 56 86 1 0 53 35 90 93 52 35 84 87 41 19 23 14 18 5 59 0 41 95 29 10 27 21 6 63 39 57 72 87 51 45 27 91 3 76 1 40 83 53 93 53 87 13 47 78 43 19 37 67 10 67 98 31 0 49 71 71 84 41 55 4 23 79 93 40 55 60 37 79 32 40 0 38 48 59 5 25 76 28 24 99 
42 8 22 79 58 56 4 26 94 46 85 32 29 47 3 32 81 23 54 16 83 84 64 66 92 20 97 77 63 31 86 0 30 66 25 78 32 79 52 2 56 29 11 57 75 51 49 31 48 72 52 15 97 86 77 67 78 70 90 92 74 4 38 66 33 17 47 84 74 93 71 60 39 46 49 14 67 99 8 40 4 93 7 94 88 54 55 43 63 55 10 64 51 8 
84 76 40 88 71 70 80 67 98 3 30 89 7 8 87 23 83 48 66 61 78 58 57 75 95 19 10 25 63 51 83 95 57 83 11 57 79 18 69 56 16 92 54 34 85 13 65 84 51 94 42 71 34 28 41 81 72 66 87 6 2 24 51 99 68 22 41 30 37 82 27 36 1 79 66 48 18 63 15 78 74 64 63 88 7 47 14 84 74 13 47 59 34 19 
42 98 49 30 46 56 70 69 73 96 57 95 23 13 55 5 15 96 74 52 50 53 89 99 25 33 50 84 10 44 85 41 35 80 69 79 27 36 9 7 7 87 73 97 45 84 20 62 27 22 86 2 18 96 79 36 75 16 39 14 91 13 17 52 12 80 23 16 44 52 35 40 93 50 92 77 39 20 21 60 29 36 15 75 4 30 30 74 82 76 65 4 63 70 
79 30 79 62 3 22 88 77 73 96 99 60 26 38 81 35 45 7 55 67 59 39 47 47 74 17 92 21 4 50 58 55 95 90 70 79 5 25 51 3 61 84 37 25 44 53 92 15 30 29 51 79 4 78 92 19 99 70 63 48 29 7 82 36 97 76 52 22 50 88 42 6 7 70 7 74 60 30 28 45 34 76 64 27 86 87 38 94 77 87 17 8 71 72 
38 89 16 44 32 3 93 36 49 73 65 32 93 78 93 88 64 97 97 22 26 87 55 75 18 7 19 34 41 41 46 21 28 21 81 34 0 35 58 25 11 70 13 41 51 78 72 24 9 55 25 37 64 16 25 65 72 8 46 54 18 0 27 93 68 6 92 6 71 66 5 42 77 71 32 13 70 41 3 30 34 35 24 60 32 61 27 95 83 59 86 52 18 92 
8 49 19 78 77 93 69 38 11 44 74 82 2 48 8 8 65 73 44 9 19 79 5 22 73 6 43 74 15 54 48 14 72 61 85 14 64 78 22 2 55 39 55 13 94 51 54 6 30 22 34 0 54 83 71 72 56 9 1 51 61 77 23 45 40 28 29 78 40 57 73 35 53 38 75 14 30 4 76 59 82 57 61 22 97 50 82 90 87 10 1 35 27 2 
93 97 94 39 11 26 74 42 20 79 42 70 83 87 88 9 75 88 14 25 52 78 56 74 26 41 82 22 58 86 74 28 49 67 73 34 40 94 70 21 22 78 29 11 46 37 69 5 97 16 49 43 44 71 10 69 39 4 30 60 4 60 50 35 19 83 73 40 84 50 56 62 79 94 30 52 85 32 73 20 35 87 24 43 52 18 64 53 33 47 2 77 8 57 
94 55 59 27 2 98 18 66 15 2 27 6 81 22 95 48 23 50 94 62 21 52 21 28 30 38 92 51 22 69 78 29 8 76 81 42 73 43 23 58 40 47 58 3 75 29 89 89 4 99 52 68 18 75 47 71 31 18 8 28 34 16 53 0 58 34 13 97 97 5 2 97 67 63 56 99 27 44 3 78 9 80 70 30 50 71 89 28 53 26 33 88 67 21 
90 62 17 6 10 70 74 49 76 49 64 9 13 50 29 76 88 45 27 51 17 51 18 65 55 23 6 3 43 65 84 61 68 62 17 79 46 8 29 82 36 12 35 77 6 90 70 29 24 96 61 22 19 76 21 61 74 84 75 59 58 71 25 71 96 30 77 13 48 20 97 14 19 48 47 60 41 14 37 94 0 65 25 0 2 12 91 35 38 98 96 12 62 9 
38 48 93 92 90 56 69 61 58 14 92 19 85 88 87 91 50 88 24 94 33 49 93 67 36 90 30 75 80 21 95 91 8 28 28 21 93 76 47 8 5 41 20 94 33 47 56 67 21 66 7 68 43 90 3 54 97 95 39 26 72 47 42 42 62 90 53 34 83 13 15 68 80 61 30 41 27 39 20 42 43 85 58 59 71 57 98 24 64 57 32 34 40 84 
77 49 85 35 23 61 91 92 33 65 45 31 19 8 38 62 96 47 51 89 32 64 3 20 72 90 52 9 89 9 68 57 37 21 7 35 10 31 71 87 25 96 48 46 43 11 23 7 46 98 73 46 66 45 1 37 35 91 74 15 88 9 68 71 22 97 98 13 87 12 65 40 39 28 87 60 17 10 14 71 99 35 2 59 11 18 54 26 30 19 96 43 82 67 
47 9 33 77 89 90 10 63 39 42 68 18 88 6 41 72 63 60 0 55 93 73 36 57 26 86 17 47 89 12 62 83 47 63 92 90 93 22 86 70 21 29 86 65 42 91 28 3 30 36 67 14 46 67 92 21 25 10 19 94 81 87 42 45 82 97 45 71 68 76 19 16 89 2 42 85 42 52 70 45 38 65 37 79 17 26 24 9 74 64 38 45 97 83 
18 9 12 95 98 68 64 33 2 84 37 91 88 31 59 81 94 36 4 65 15 10 47 14 27 59 35 13 5 35 20 33 27 67 47 90 89 74 61 61 35 28 59 22 85 62 17 37 73 10 96 27 95 84 83 15 46 81 86 54 60 60 46 29 12 99 1 28 32 21 5 59 89 82 44 45 19 83 32 78 10 96 10 71 19 80 17 36 53 69 19 90 99 1 
35 26 82 13 23 71 61 4 34 88 53 63 3 42 40 17 4 93 34 98 38 62 86 42 58 61 19 89 36 65 10 5 64 25 53 40 17 26 46 87 31 55 6 11 7 28 38 52 70 89 68 92 39 94 39 83 36 88 52 86 83 7 73 45 48 66 56 62 11 9 89 66 93 2 49 67 87 88 83 29 41 32 17 94 50 61 80 3 21 7 21 32 85 64 
96 40 31 28 35 9 44 52 12 58 59 26 97 41 76 72 21 83 34 6 60 92 23 30 39 80 41 99 74 23 86 89 23 98 54 80 79 98 18 76 29 27 61 82 27 9 42 42 86 7 11 57 30 58 73 1 86 56 50 51 70 87 90 44 74 16 75 10 16 53 95 67 31 56 91 44 98 77 56 12 76 88 66 59 38 15 26 26 36 95 14 24 97 35 
21 39 53 5 65 57 61 10 87 27 38 25 77 53 23 32 80 72 53 78 43 76 89 45 60 65 53 88 24 94 49 21 70 41 40 26 29 82 71 93 92 55 1 87 32 37 54 45 68 1 95 50 64 50 42 94 0 42 44 35 93 84 87 84 82 62 11 94 81 37 97 34 72 67 58 73 15 47 78 54 85 27 60 72 63 3 58 60 22 94 15 21 36 39 
17 67 49 26 27 5 36 69 4 21 45 99 64 23 55 32 79 29 98 27 87 62 39 43 97 1 89 24 45 69 49 83 47 71 66 66 2 16 54 23 79 78 80 91 7 42 98 27 62 96 41 47 24 34 36 87 94 54 7 84 34 36 20 63 9 13 95 92 9 59 91 43 19 29 12 68 3 69 70 69 67 17 40 53 62 4 51 23 5 31 14 26 70 81 
58 28 73 27 18 98 44 52 24 0 35 37 68 76 32 33 43 86 29 57 4 75 51 95 43 91 4 40 31 38 17 92 50 98 10 94 28 75 36 97 72 83 60 87 95 85 2 13 31 65 72 76 9 27 46 51 48 54 68 5 5 20 31 22 8 24 50 30 93 31 59 30 24 63 65 44 78 2 37 93 0 40 70 74 11 96 55 49 83 49 63 82 66 65 
24 78 76 23 45 67 0 62 58 86 98 78 11 90 29 83 21 74 33 4 32 23 17 31 26 28 87 68 61 23 8 39 32 85 95 10 28 53 42 21 10 49 76 70 98 2 91 12 2 12 22 48 28 23 56 22 11 0 36 14 9 75 56 48 71 98 4 67 70 27 71 42 89 48 41 11 56 12 98 38 92 81 28 78 46 73 64 63 86 94 30 44 76 40 
94 11 85 85 59 40 36 71 47 19 53 78 26 38 64 32 48 67 91 11 90 91 89 43 1 60 47 74 94 45 73 56 81 64 2 55 57 81 42 44 10 39 0 44 14 47 52 86 54 65 7 94 68 2 58 31 31 75 2 30 2 30 69 5 87 36 78 11 1 31 47 29 31 53 60 53 21 26 21 6 76 23 44 61 91 60 17 15 65 71 95 25 41 79 
51 25 98 85 29 10 31 22 28 67 52 80 55 49 51 30 66 72 5 69 38 96 77 29 4 73 92 25 82 80 16 40 28 9 55 77 80 27 43 86 52 71 59 69 43 93 57 56 47 23 79 11 58 4 20 4 18 70 0 55 35 29 57 92 20 13 69 58 25 86 34 38 51 87 20 13 91 16 65 99 78 13 20 61 10 12 28 38 89 58 44 78 90 23 
83 52 2 41 58 26 81 0 27 3 55 84 81 25 6 86 46 64 0 84 44 96 7 41 47 7 5 85 66 99 79 79 34 43 22 89 44 0 32 12 10 24 89 6 60 96 22 12 17 63 87 41 73 47 37 6 91 82 47 27 92 1 14 48 91 78 37 17 60 25 19 75 36 71 76 61 10 26 86 26 80 56 31 85 10 77 49 79 84 4 87 16 87 76 
96 79 97 21 59 96 2 43 36 44 59 53 73 80 35 39 93 15 42 90 44 46 34 4 29 81 76 41 44 56 99 32 15 39 24 44 31 60 14 88 0 79 38 69 71 57 91 79 81 59 19 25 16 1 94 23 19 95 73 72 54 74 43 17 4 28 40 98 53 87 55 50 48 29 82 41 23 15 85 66 61 78 84 59 78 58 90 7 45 5 26 46 10 68 
93 96 68 75 14 79 46 3 38 59 42 30 13 78 4 33 42 53 25 13 88 90 56 25 33 98 4 56 39 95 92 28 47 99 93 95 33 13 18 46 39 46 56 64 74 47 28 32 2 38 25 96 67 75 2 37 52 74 21 84 9 14 27 16 50 0 80 49 49 74 44 1 82 15 76 45 81 1 95 41 9 23 81 70 89 81 65 76 40 61 79 16 47 64 
48 10 17 78 78 60 83 47 89 72 10 3 28 33 50 80 34 42 63 35 73 99 87 85 72 96 66 61 61 60 53 92 30 15 78 25 77 84 82 91 64 47 21 36 67 91 58 59 73 84 31 38 45 55 68 55 60 91 69 37 93 48 23 8 66 87 87 1 39 30 6 27 78 50 29 40 44 79 68 20 79 79 66 9 1 31 60 82 69 7 32 54 37 61 
10 26 67 58 13 7 22 33 75 51 34 13 2 38 37 70 1 28 36 79 16 50 17 47 56 11 78 82 46 30 75 75 53 94 26 48 40 77 72 50 14 86 69 8 34 46 65 27 63 34 85 60 9 83 33 42 58 98 68 86 84 7 98 29 16 9 82 17 36 85 35 72 34 17 82 50 23 20 3 31 88 12 38 50 84 2 25 32 61 26 18 0 14 63 
9 23 64 19 56 49 92 58 85 88 75 36 2 41 43 92 93 76 55 38 18 80 91 33 1 26 58 12 60 92 55 36 94 30 75 92 40 31 93 16 53 61 26 54 65 95 80 18 94 85 45 62 26 8 16 87 73 51 83 44 52 2 29 25 16 29 0 27 1 21 23 23 82 83 13 52 50 22 50 91 30 4 64 94 73 8 60 21 5 79 7 85 43 34 
22 26 19 24 0 61 47 93 86 51 46 26 31 46 5 48 39 86 96 49 3 62 48 14 78 57 41 23 82 40 96 51 31 40 87 76 41 89 3 92 9 5 32 96 97 15 63 34 9 27 38 76 31 24 38 8 56 37 14 86 12 97 64 87 35 37 8 48 70 8 93 55 26 71 24 94 93 20 48 48 57 66 99 86 89 86 60 51 80 55 58 9 66 35 
30 60 76 79 2 5 35 42 44 80 39 35 25 82 66 84 83 6 59 87 91 79 10 48 17 43 15 61 38 91 19 95 40 84 4 0 48 98 40 43 44 36 32 92 21 95 52 41 24 88 27 90 78 13 65 48 70 96 92 6 19 77 84 28 98 61 76 54 36 99 6 94 11 19 27 46 23 22 87 60 61 78 64 32 52 51 79 75 11 94 49 42 79 54 
71 56 69 0 44 96 57 45 92 31 70 65 74 17 19 22 56 16 79 12 68 91 97 74 95 40 66 73 72 26 95 26 90 96 16 26 56 63 60 60 55 84 56 41 99 2 89 16 66 75 93 53 33 77 1 96 89 9 70 77 70 72 64 50 76 67 84 65 35 21 67 46 45 95 6 1 92 23 29 11 77 66 4 91 99 69 24 17 53 55 25 49 7 70 
28 33 14 99 85 62 58 4 7 57 92 13 83 36 29 62 7 43 74 37 63 48 76 63 46 39 4 14 7 31 47 87 9 55 83 13 86 85 1 90 28 81 43 13 48 9 60 42 63 73 92 91 3 13 66 72 68 53 20 49 30 13 9 31 41 5 47 41 19 57 40 97 54 53 71 84 44 85 3 95 37 28 83 93 3 7 50 50 60 12 28 97 7 76 
58 78 50 27 22 74 70 72 38 88 17 89 47 98 52 53 87 17 53 4 36 74 97 84 68 95 3 50 25 93 0 1 86 72 87 43 37 17 48 97 5 71 77 54 83 54 91 15 28 17 75 74 73 51 17 41 44 61 25 79 25 3 81 14 13 14 71 44 63 37 83 43 19 35 19 27 35 81 99 92 2 53 11 42 40 84 52 22 73 94 38 66 95 8 
29 40 75 74 72 27 48 47 63 91 9 62 37 21 76 47 52 0 20 23 61 6 85 17 61 7 93 57 55 7 11 67 45 59 91 74 57 26 72 87 31 74 46 74 56 39 77 3 19 63 35 10 46 85 26 37 73 51 74 95 74 22 89 38 40 7 70 13 21 45 40 92 40 62 72 74 73 49 70 38 56 33 99 62 76 80 49 36 40 24 89 50 93 13 
54 38 95 79 32 47 50 2 7 23 5 72 37 2 94 32 7 28 30 77 64 23 16 49 65 80 9 77 61 80 30 61 25 10 53 93 85 28 95 7 93 12 71 48 70 2 53 43 53 36 33 17 34 37 78 0 35 19 17 81 76 59 22 8 43 4 71 88 0 36 32 44 35 27 70 54 95 34 52 70 75 11 87 0 36 12 19 51 86 30 55 34 76 41 
42 37 18 1 12 39 10 72 9 16 60 59 0 62 15 71 0 82 21 89 21 9 23 1 61 49 82 92 83 26 82 49 92 69 4 84 45 12 99 91 97 72 8 20 56 0 16 67 78 35 92 85 49 17 35 47 66 79 75 78 42 98 93 31 10 59 57 91 30 25 51 52 42 30 27 68 92 71 68 80 76 64 95 0 79 25 72 94 84 87 73 0 96 46 
91 0 94 59 11 43 70 63 14 73 15 49 66 89 28 5 52 9 88 37 6 58 2 83 17 14 52 65 45 61 76 62 50 30 62 54 56 75 89 34 59 14 28 18 84 64 81 88 95 22 65 94 45 6 31 16 32 47 87 60 18 2 67 82 47 31 69 28 7 48 84 82 55 33 81 19 17 76 63 46 71 23 14 49 77 13 1 16 19 9 47 28 29 31 
32 70 62 90 42 27 48 98 7 7 90 47 30 8 10 26 25 21 58 97 85 63 69 14 45 99 58 9 6 57 72 23 32 46 47 47 51 98 4 60 97 25 64 37 43 40 38 26 23 74 61 34 69 50 69 94 63 21 11 38 47 72 1 59 79 65 21 22 87 62 82 15 71 36 16 50 68 51 21 35 75 33 52 52 57 49 2 5 57 57 84 72 65 9 
56 87 8 89 85 79 13 93 22 19 8 91 36 66 90 65 11 6 22 50 14 90 15 73 15 79 38 61 27 31 38 95 7 26 99 48 83 54 91 46 76 27 72 8 54 61 59 56 77 51 98 73 57 84 42 25 20 51 76 51 93 67 5 70 0 41 37 56 7 12 24 58 17 4 13 89 58 79 96 77 6 77 19 62 39 46 14 37 69 78 31 5 53 60 
73 23 70 0 29 7 1 8 16 4 88 10 68 0 58 92 73 74 10 33 88 69 57 96 19 46 71 43 76 81 66 22 64 29 37 66 85 82 80 93 19 9 2 48 68 75 52 81 82 42 49 34 58 33 90 11 61 15 1 43 47 76 71 86 61 88 74 64 70 93 81 74 21 36 53 15 90 55 18 49 8 10 4 50 97 16 20 25 7 13 99 30 87 30 
41 31 76 77 32 30 34 16 76 48 90 13 31 23 53 52 34 11 97 1 18 7 99 64 49 44 63 79 74 44 25 15 24 53 20 92 63 99 93 83 33 64 54 89 75 31 75 70 80 17 50 83 44 21 75 7 90 71 28 97 60 16 96 59 75 28 19 99 32 60 26 98 71 51 29 35 10 32 12 37 34 35 40 69 96 25 63 27 71 78 50 8 68 91 
24 14 40 4 40 52 90 0 18 24 71 67 51 20 42 10 13 25 70 79 93 7 24 51 83 41 92 5 89 80 71 84 31 64 29 94 47 99 29 29 28 43 93 70 36 31 57 8 2 30 33 63 23 95 83 91 52 17 52 97 78 59 31 44 34 5 75 4 8 95 93 32 13 22 25 15 8 24 83 51 42 47 39 17 16 28 22 0 54 79 92 72 71 96 
30 19 28 44 58 52 67 28 39 56 88 60 3 14 43 16 30 42 1 54 12 55 18 31 80 67 64 83 92 76 61 40 19 64 62 55 1 29 96 35 25 19 82 62 14 24 1 94 68 7 72 81 7 96 19 38 37 91 26 37 36 20 92 1 71 0 87 96 74 95 35 87 34 14 86 9 67 3 50 95 16 12 31 54 53 32 45 68 29 86 89 96 91 96 
96 54 32 83 49 48 31 18 72 21 95 29 41 71 42 85 86 70 91 37 9 15 38 7 98 30 77 49 89 46 39 84 21 40 45 0 68 4 5 58 63 72 98 55 66 81 63 36 66 95 35 19 42 13 18 94 96 35 12 51 53 10 38 96 88 10 26 92 13 46 31 32 0 60 26 76 90 71 93 18 48 11 34 38 48 28 13 19 30 84 78 94 34 91 
33 37 19 85 36 3 27 99 83 71 96 2 43 90 13 93 21 90 25 81 0 98 64 20 30 4 91 60 23 75 79 6 79 69 27 88 26 40 91 39 23 78 81 85 78 47 58 50 47 57 10 26 39 30 77 97 70 44 89 3 72 45 73 35 42 46 13 91 92 80 77 29 32 59 80 94 70 44 93 96 63 65 5 49 49 39 60 15 17 91 35 90 92 57 
15 23 88 43 55 15 6 83 20 47 14 57 29 48 27 20 47 58 57 12 75 79 85 48 44 57 7 61 57 76 75 51 22 84 58 52 26 99 53 84 48 52 32 17 25 23 73 60 24 83 24 56 13 74 27 10 7 81 27 55 90 26 82 95 17 31 96 90 59 12 36 16 87 35 76 1 30 64 57 12 7 92 33 31 53 89 92 21 85 93 98 19 0 83 
32 8 41 39 33 51 76 65 52 95 94 70 28 35 49 2 82 84 93 74 44 16 81 89 55 60 75 63 44 35 18 23 33 38 2 34 99 41 63 54 79 48 95 87 65 94 7 82 68 31 1 19 5 59 75 53 72 28 20 33 25 26 20 75 25 15 43 31 32 94 70 88 79 40 50 47 66 93 58 83 24 77 31 8 36 9 25 90 68 13 77 40 25 52 
74 98 85 21 56 25 13 20 55 74 67 55 42 50 53 95 44 5 1 96 9 41 72 40 1 78 54 47 46 88 7 77 56 29 48 24 58 6 53 2 45 77 52 20 28 33 36 77 23 5 55 42 25 50 94 58 69 0 70 97 30 61 48 5 66 3 62 46 13 56 50 41 43 60 28 84 99 42 84 76 21 82 6 7 19 31 86 74 4 85 16 99 65 47 
16 73 92 32 44 21 16 76 2 35 67 91 5 46 4 33 77 33 28 25 39 61 60 48 91 55 81 44 1 19 76 50 67 75 30 57 97 93 83 15 98 94 12 83 79 80 75 56 38 70 78 5 53 2 51 92 91 44 2 10 28 63 7 82 32 69 52 62 93 88 39 91 42 28 9 83 88 3 26 26 45 61 25 38 8 26 53 77 8 94 62 46 53 60 
69 63 32 2 22 53 0 24 64 85 25 35 4 64 78 62 12 46 96 89 11 77 25 43 25 49 75 82 73 68 68 97 23 12 28 22 80 12 87 21 49 97 85 98 80 21 24 51 35 54 48 50 11 81 71 83 28 18 0 1 14 69 78 27 20 11 33 65 7 59 69 13 43 86 40 49 5 86 42 79 31 68 85 93 68 79 98 46 58 42 26 94 11 56 
34 78 37 94 2 60 5 29 86 26 29 46 75 89 15 92 37 9 49 58 82 44 48 34 34 14 22 18 11 96 11 97 16 81 61 6 37 85 23 86 14 32 24 60 10 56 37 22 88 11 9 26 72 33 26 19 60 56 64 50 21 30 10 33 33 1 69 51 92 62 45 71 14 81 15 35 56 64 85 21 87 46 2 53 95 51 26 41 47 59 29 14 16 9 
