97
83 81 52 26 68 85 61 29 78 81 48 82 60 69 70 17 66 66 32 2 36 12 94 14 12 32 22 43 79 50 48 75 53 32 99 54 23 50 43 37 59 1 55 36 27 63 15 67 8 40 94 2 42 41 89 2 41 10 83 76 70 90 6 20 20 75 57 38 38 75 88 34 41 27 5 19 44 66 83 20 56 22 96 99 51 11 98 5 13 85 7 82 29 53 83 22 74 
39 37 97 5 83 53 33 20 62 51 54 37 77 93 56 13 46 84 93 29 30 51 21 63 51 28 14 50 2 86 96 91 88 37 91 92 55 21 82 75 60 32 93 48 13 6 26 0 93 44 60 94 31 51 48 20 48 35 77 63 21 55 87 72 10 35 21 75 46 96 13 46 27 74 12 72 37 88 31 20 67 29 56 32 25 3 79 43 94 48 66 63 51 86 23 1 21 
12 53 54 16 87 73 34 56 79 48 24 33 34 62 42 92 95 18 41 45 5 69 97 84 27 29 13 67 0 75 37 73 15 77 33 6 53 82 35 52 88 59 90 86 0 76 74 67 77 92 31 6 72 87 97 74 51 22 59 93 12 28 17 50 98 95 84 31 14 90 84 25 61 39 53 51 15 77 83 34 69 68 40 9 24 85 44 23 33 77 76 58 26 66 48 75 91 
81 39 96 74 62 70 84 53 87 73 29 93 5 37 60 25 89 15 56 57 70 14 61 97 7 72 82 98 68 10 18 99 19 59 80 38 93 88 93 22 39 17 31 93 51 49 32 82 59 19 18 12 79 30 18 91 42 70 35 89 67 37 49 98 11 70 72 57 9 95 23 82 11 67 1 32 56 86 80 4 95 70 92 0 23 32 87 71 4 68 63 86 19 18 98 36 46 
37 95 19 31 90 88 90 43 6 28 96 23 33 78 82 55 83 49 70 8 41 92 52 68 53 14 57 35 32 59 96 93 16 77 65 7 78 95 17 64 90 7 92 53 86 3 29 17 54 90 64 0 1 86 3 86 93 71 95 76 97 5 7 22 68 59 89 8 94 95 65 96 15 51 16 78 28 71 9 0 54 45 96 7 39 63 52 94 8 18 59 58 93 48 73 15 67 
40 29 11 47 70 16 49 85 51 12 78 96 6 66 12 9 97 86 50 39 39 15 12 50 84 85 16 65 88 98 87 26 28 89 16 96 70 11 82 12 80 9 12 37 16 56 53 74 35 84 65 35 12 67 73 99 24 81 91 40 97 73 50 46 64 39 22 50 24 94 63 44 1 6 97 83 89 2 47 77 38 16 24 68 81 65 88 55 95 48 67 31 7 64 41 53 7 
25 82 5 8 53 8 77 10 4 80 44 37 10 26 34 35 85 58 16 90 65 24 66 52 85 23 2 2 69 90 52 94 23 59 56 43 43 62 3 52 17 14 49 24 77 87 65 97 7 88 43 34 59 27 56 95 96 0 60 53 65 55 12 96 59 71 47 43 1 87 90 46 83 87 1 89 86 53 46 52 27 2 0 54 31 73 57 41 78 33 29 62 23 43 27 78 59 
39 35 32 95 73 90 56 5 82 61 2 48 20 45 45 84 55 68 31 40 44 61 25 26 80 82 59 25 50 3 31 22 10 4 44 73 95 39 15 8 20 64 57 90 44 50 3 66 56 39 55 39 21 9 16 16 31 63 30 37 40 75 11 84 42 93 62 70 33 34 74 43 65 16 55 85 13 49 54 89 24 47 75 8 97 23 25 28 18 71 85 92 37 94 63 22 68 
59 29 96 11 41 90 30 8 49 36 81 23 18 51 26 48 87 51 11 19 44 88 39 42 75 73 74 14 50 34 35 63 21 7 13 18 41 18 57 78 40 77 10 75 37 2 40 92 73 91 87 91 48 10 92 59 94 58 66 77 65 33 59 1 87 42 50 72 14 31 93 75 68 4 11 27 67 45 63 67 93 3 61 61 32 51 99 25 61 44 45 24 9 35 70 47 55 
52 58 11 37 76 65 82 22 69 25 81 74 47 56 59 60 7 33 57 14 53 73 11 3 87 91 34 9 12 33 8 94 95 43 74 84 77 13 84 38 86 56 8 51 29 94 49 42 34 31 31 59 94 29 26 49 79 4 15 65 77 51 18 59 68 55 57 8 91 41 45 55 90 12 60 66 21 25 64 50 34 59 80 36 34 79 93 62 15 12 15 4 53 92 6 32 7 
87 8 86 61 58 64 42 41 37 94 56 59 86 98 60 97 52 75 15 36 87 65 83 33 10 66 64 37 21 87 97 88 99 7 72 8 63 58 26 70 50 96 11 29 59 76 26 17 71 91 74 40 18 6 71 71 32 5 88 64 25 6 95 39 86 30 24 87 56 67 31 7 20 36 48 38 46 49 93 96 8 66 87 7 55 35 43 59 96 71 20 46 72 67 97 60 82 
94 52 70 18 26 39 98 87 84 68 59 3 50 39 95 31 84 24 48 2 94 58 43 95 75 52 76 14 13 80 50 49 30 18 6 96 84 43 12 19 90 57 10 52 63 32 34 87 59 71 3 8 48 5 16 0 15 20 1 56 41 4 95 8 58 8 94 70 9 37 97 75 73 81 11 87 39 99 25 6 76 86 93 19 92 36 50 20 43 0 98 25 75 48 1 50 74 
36 83 12 20 37 97 64 34 2 65 59 19 17 68 98 24 95 9 29 12 46 21 68 81 72 90 61 6 4 98 53 90 41 0 91 82 43 92 26 31 66 80 80 75 25 67 4 54 96 32 70 20 11 1 70 50 60 57 69 63 61 96 11 38 54 41 10 86 33 46 33 69 35 8 3 78 44 74 51 74 52 61 68 50 65 86 58 99 92 28 8 30 67 92 17 35 9 
47 49 6 2 15 65 9 63 66 19 61 18 33 57 52 66 89 57 52 25 32 94 15 12 26 18 50 69 50 39 43 77 45 25 7 76 35 49 26 4 94 40 0 30 23 68 92 92 99 76 11 73 42 64 26 32 0 43 96 40 66 8 12 97 52 69 64 11 41 14 56 56 31 23 26 24 46 77 31 81 75 98 78 81 46 73 68 92 45 8 0 71 16 86 53 67 83 
77 23 48 91 24 87 18 21 15 36 1 88 20 11 41 62 30 6 84 2 49 81 28 21 68 53 63 84 63 46 54 42 49 5 26 67 23 32 93 69 8 46 84 14 20 26 72 87 0 3 59 20 3 85 85 61 59 84 79 74 12 36 90 22 94 77 6 19 99 53 35 86 34 23 94 24 6 75 66 3 8 92 37 62 45 33 21 65 62 37 40 53 13 53 47 98 87 
5 64 33 71 60 27 56 18 8 43 70 55 50 38 85 79 38 79 25 49 0 93 43 67 91 49 31 69 35 65 63 4 10 79 70 92 11 5 52 7 45 54 60 44 95 62 73 72 41 52 89 52 26 14 93 68 75 31 10 73 1 24 84 74 87 0 14 78 60 68 98 25 69 44 66 60 74 45 60 23 20 81 54 62 11 74 83 93 69 25 35 37 7 44 70 83 50 
62 13 32 18 78 88 45 53 64 64 50 32 51 1 28 92 82 88 22 79 70 56 9 56 92 59 41 77 81 68 58 52 74 23 32 82 98 80 81 0 75 82 73 48 20 8 88 28 62 67 49 70 75 88 27 13 0 4 33 75 35 98 8 84 51 72 80 86 72 6 19 56 24 83 54 89 84 50 90 54 45 79 40 97 11 96 34 47 96 39 4 65 62 77 47 31 77 
79 25 60 44 65 91 58 52 1 97 61 24 7 22 28 32 3 76 58 88 15 59 75 68 60 71 36 98 4 45 37 14 54 67 2 62 65 95 65 50 10 73 52 22 38 53 70 3 29 60 95 72 34 20 93 5 35 18 87 95 83 49 93 84 27 49 66 74 11 33 11 15 0 88 76 71 15 2 13 85 35 62 59 25 72 16 37 75 88 53 78 53 51 68 60 95 92 
12 83 68 54 12 53 82 41 84 62 11 7 33 1 10 7 76 74 77 89 95 54 1 14 36 65 20 47 64 10 52 47 17 54 92 87 25 82 8 42 38 35 30 29 74 26 72 19 92 4 34 42 10 85 95 87 50 76 97 84 76 34 10 77 85 17 18 9 43 80 52 7 77 94 92 9 22 27 76 96 94 82 30 82 4 29 43 25 60 27 50 21 88 97 42 26 75 
69 3 24 6 0 39 36 75 51 74 4 16 73 48 66 4 70 3 1 93 63 98 14 10 43 32 19 41 35 76 34 90 7 17 65 94 77 73 17 14 90 46 77 0 83 88 13 4 54 8 52 13 31 75 48 4 98 16 65 78 59 35 9 1 82 93 51 20 73 33 18 31 95 89 41 55 22 67 73 75 1 17 75 81 21 7 8 77 74 20 31 39 6 39 79 49 70 
79 66 94 45 79 14 86 62 24 15 63 50 38 50 89 11 17 17 0 72 1 22 10 90 65 34 84 92 77 96 45 15 15 27 51 60 80 27 10 16 13 79 3 43 12 67 18 80 6 78 42 45 90 50 71 90 24 85 30 8 21 59 71 65 22 74 24 15 44 87 65 12 82 46 12 68 86 26 77 13 83 66 36 15 69 68 44 98 75 61 44 67 26 6 5 53 46 
42 3 70 94 12 41 93 17 3 0 22 12 57 56 28 0 34 45 79 92 20 20 11 88 93 15 61 20 3 17 65 80 59 67 20 87 56 79 49 24 91 6 88 5 94 17 35 17 10 41 89 75 50 85 79 29 73 33 49 21 60 32 99 41 30 20 6 54 84 63 48 65 17 26 91 33 15 96 49 2 65 56 80 99 30 29 12 16 54 40 68 42 19 69 10 67 42 
27 84 19 60 84 92 62 70 24 79 13 69 59 6 30 31 7 61 71 63 85 77 47 99 91 10 98 21 35 54 68 99 98 94 28 52 47 2 25 81 17 7 44 80 68 2 51 60 81 68 0 11 88 78 12 13 79 86 22 34 45 11 62 50 4 11 38 16 28 55 92 22 96 40 4 17 4 97 84 13 70 84 46 68 0 15 94 55 38 17 89 94 68 54 47 66 66 
51 40 92 27 70 54 46 58 58 26 41 83 76 90 54 31 94 72 11 99 33 92 61 54 74 20 9 32 13 61 36 70 4 80 28 84 27 26 84 89 84 0 99 57 89 19 78 47 34 99 72 70 50 40 92 87 27 66 87 52 66 46 55 39 88 22 60 78 54 78 72 11 68 94 6 90 82 92 81 38 31 70 64 77 20 97 63 7 38 37 51 74 36 24 15 89 39 
47 27 95 39 85 19 11 31 51 42 9 90 41 76 52 38 6 17 72 90 82 39 24 51 57 3 44 7 97 65 60 99 2 95 25 51 2 49 42 28 4 94 59 9 2 98 98 63 34 63 46 12 29 99 89 95 23 14 39 59 52 0 61 94 36 6 80 4 63 36 22 65 76 4 12 67 15 51 99 89 62 92 20 26 37 31 50 62 71 15 74 60 81 89 87 92 37 
93 2 20 83 75 82 82 92 54 23 85 52 40 51 41 56 51 62 4 42 52 48 12 64 19 19 35 19 67 63 46 44 24 61 26 54 87 71 1 75 69 26 53 34 12 91 43 25 8 52 27 84 86 94 0 34 31 96 78 52 15 7 12 69 99 30 70 40 6 10 23 2 17 79 57 59 16 21 58 64 18 33 5 47 83 8 30 82 49 86 7 19 20 21 94 9 82 
33 4 69 55 16 63 48 47 83 0 80 19 4 7 43 15 2 84 87 97 67 40 48 2 5 65 52 10 45 31 88 45 10 0 9 59 53 59 54 45 98 34 74 70 53 77 10 21 28 67 88 96 26 36 83 82 57 88 67 22 29 12 53 88 72 71 52 89 3 32 91 27 7 47 75 28 94 22 46 17 12 90 10 39 5 35 44 52 49 0 67 95 7 9 9 71 16 
68 90 94 40 82 96 3 11 87 60 69 77 24 26 59 9 77 13 30 92 56 82 10 26 6 26 93 98 5 99 65 34 66 31 13 3 52 81 64 46 15 70 2 9 19 75 67 33 65 13 86 52 52 14 71 28 12 59 65 66 49 68 36 18 95 19 34 24 11 53 42 96 21 7 94 83 52 97 9 66 80 26 50 64 51 31 6 11 60 90 18 32 40 27 38 80 6 
90 78 60 43 88 8 69 95 9 85 77 75 43 93 45 44 96 90 72 88 46 13 43 17 51 33 75 87 61 21 99 64 36 72 69 39 91 40 28 96 94 88 6 56 38 27 37 48 91 67 96 49 18 14 59 43 74 57 75 18 73 71 48 39 1 5 18 80 10 8 27 16 48 35 86 2 73 23 57 88 11 29 61 39 28 15 48 14 79 23 24 85 72 61 47 53 86 
72 44 93 52 53 52 20 18 72 14 6 84 16 8 60 49 62 42 93 23 86 54 15 79 42 55 91 62 27 68 17 81 58 29 51 94 23 71 6 99 74 45 11 52 88 39 53 47 0 36 81 12 80 88 0 60 38 95 17 49 13 10 3 15 93 24 62 39 50 46 4 89 30 83 90 1 49 6 61 98 63 69 15 39 1 16 7 55 52 96 98 80 27 51 95 84 12 
17 94 36 94 39 36 23 46 92 99 46 28 45 10 55 6 11 21 39 1 24 99 12 83 75 11 85 81 9 85 37 24 72 82 76 19 31 28 32 50 5 29 4 14 71 67 92 57 21 17 44 28 29 68 39 92 95 16 32 90 12 25 44 55 50 79 52 89 54 19 90 88 37 22 10 61 25 95 50 17 28 3 67 85 91 46 1 58 96 9 26 48 54 76 19 77 62 
36 67 92 60 21 12 15 80 87 33 2 91 89 46 41 66 93 12 70 57 93 0 93 15 17 39 13 13 80 40 25 89 78 38 43 76 55 58 68 87 11 93 13 25 70 86 78 42 84 90 54 9 37 37 2 70 16 38 75 3 67 61 99 85 13 36 64 35 95 47 89 69 8 96 38 39 67 0 3 41 99 57 0 53 95 93 56 75 92 16 88 98 20 8 92 76 69 
10 29 34 19 53 34 10 71 17 68 68 25 14 52 84 56 91 25 2 94 42 12 58 59 84 13 38 64 3 83 2 37 8 51 38 6 71 29 34 11 82 93 21 83 54 2 12 60 9 34 99 62 29 41 73 86 55 54 1 85 40 16 65 33 53 79 50 88 21 17 94 73 11 28 26 17 82 48 24 11 66 9 94 87 19 63 22 88 60 79 53 56 49 20 7 55 17 
87 20 65 23 87 37 93 69 32 7 95 16 27 1 0 43 83 97 45 22 75 56 98 68 48 23 50 12 10 39 77 81 20 89 41 41 61 31 78 16 18 95 17 79 94 58 28 67 0 1 28 48 0 28 24 46 33 11 6 79 75 77 28 73 90 5 17 19 59 53 5 63 63 95 91 46 45 67 35 75 56 70 97 11 23 56 89 51 22 5 36 17 10 46 11 8 24 
76 67 89 56 62 46 35 89 19 54 99 33 36 16 2 2 96 11 93 91 66 90 30 86 44 88 57 60 5 3 38 56 53 37 39 48 78 84 87 97 67 4 89 37 9 64 70 0 34 41 37 68 97 55 48 71 33 38 57 80 62 48 85 29 2 34 86 80 65 96 75 51 99 39 15 30 83 78 95 57 85 33 98 83 82 63 77 55 52 3 72 98 61 81 26 90 41 
26 4 51 84 94 85 31 34 66 47 83 81 99 58 56 29 67 54 4 56 63 96 28 85 65 62 47 47 99 91 97 71 81 90 69 38 37 10 33 97 97 72 88 60 23 71 75 42 73 84 85 79 50 21 88 63 90 59 54 15 58 44 64 43 80 96 95 47 30 41 80 4 77 78 54 10 86 73 84 63 40 15 48 83 2 53 16 8 41 54 80 78 5 60 68 39 9 
6 80 68 1 7 50 67 52 77 25 93 19 28 96 10 65 25 97 49 61 72 52 66 74 21 40 70 17 68 94 53 22 69 41 27 45 67 38 65 64 97 75 81 39 37 95 21 23 17 3 44 87 77 16 2 65 35 10 81 2 32 0 82 94 67 33 75 95 62 47 28 88 70 70 16 57 8 53 12 10 3 22 84 50 72 24 91 42 32 67 6 51 71 11 77 85 21 
53 69 34 79 78 74 36 96 10 40 54 32 50 69 46 7 47 22 35 31 96 7 98 80 18 90 25 1 35 52 55 56 3 63 68 52 28 23 16 95 26 28 50 90 54 78 39 73 73 60 17 79 12 16 68 27 64 87 80 7 59 33 72 2 22 55 18 25 91 13 60 35 82 56 68 49 73 57 66 53 68 76 6 78 7 67 91 57 92 7 67 68 21 81 45 21 83 
92 83 87 76 78 48 44 19 61 65 34 15 80 29 91 45 26 87 56 71 32 25 26 66 86 91 29 4 20 73 55 61 39 13 82 71 4 45 18 88 42 37 44 11 43 10 83 32 20 40 20 82 98 49 31 91 34 83 34 7 10 91 22 57 50 57 49 20 21 50 45 97 55 92 4 63 80 52 49 11 72 24 23 42 15 72 62 14 65 32 38 96 38 81 44 57 68 
38 48 10 37 2 17 95 93 73 9 81 61 3 69 93 61 72 61 53 73 32 68 20 54 82 38 29 57 11 63 84 49 66 64 63 66 88 34 62 10 60 84 10 95 19 31 67 80 31 20 96 65 43 61 52 74 33 29 55 91 3 73 91 42 10 85 78 18 29 29 32 33 3 52 6 30 92 95 79 96 62 71 87 58 40 65 70 47 68 35 90 88 78 28 97 26 1 
14 38 70 98 80 31 79 20 26 78 78 91 73 97 81 53 88 50 62 63 61 3 3 76 17 66 28 41 39 11 61 29 68 29 70 20 60 7 29 79 46 88 98 51 69 39 75 72 31 69 35 0 75 22 86 96 95 67 98 15 25 8 3 47 90 1 38 65 65 51 96 46 87 80 35 7 91 51 15 94 53 92 22 15 68 8 58 26 4 77 15 31 24 76 13 42 61 
3 45 67 76 23 68 11 25 8 21 69 68 93 83 63 18 18 7 72 65 8 29 83 65 12 59 79 47 36 34 75 20 11 92 73 47 28 3 90 13 87 48 76 78 28 30 89 37 57 86 72 84 14 98 90 90 76 6 99 77 11 90 54 40 25 63 35 96 77 27 1 71 89 76 45 14 8 21 14 74 43 86 5 58 43 1 5 41 44 31 81 48 90 26 43 56 13 
18 93 5 71 91 58 38 33 76 70 36 30 58 11 67 86 88 41 52 39 19 77 45 70 99 19 35 24 57 21 45 71 41 8 72 45 47 97 27 65 81 45 5 25 60 31 65 76 92 23 28 16 55 69 48 68 30 7 30 17 99 96 71 79 99 70 31 51 52 31 53 51 75 89 15 26 83 7 46 26 30 84 8 36 21 18 14 27 12 55 61 26 88 38 73 84 13 
17 16 6 73 12 8 56 74 5 16 60 0 3 26 68 53 6 15 31 70 36 44 92 69 94 92 14 61 17 71 16 91 92 57 13 10 84 74 56 97 36 18 24 57 82 12 70 79 66 92 84 29 55 14 29 32 88 59 38 9 46 58 29 33 27 96 5 39 98 48 87 2 47 91 96 53 77 53 88 82 45 33 83 46 34 83 67 38 42 82 93 24 92 22 89 86 82 
7 13 81 71 89 49 31 59 53 11 33 12 24 22 99 10 32 25 73 89 95 2 7 30 89 80 19 56 98 30 63 90 36 53 3 87 27 22 36 81 42 26 71 34 10 96 57 61 19 33 27 82 75 94 87 58 36 25 1 26 38 53 96 9 18 50 33 61 54 94 67 99 32 59 54 48 27 9 38 74 37 83 83 3 31 82 17 80 39 43 46 29 39 94 13 89 93 
59 92 42 35 9 30 99 93 14 54 58 97 63 60 25 74 44 21 44 90 76 79 38 46 31 58 42 21 93 14 97 48 85 34 69 5 26 71 96 32 26 15 15 91 92 84 26 85 28 49 67 1 71 59 67 25 19 54 69 47 30 38 41 33 11 18 27 49 87 59 66 68 47 10 68 95 78 98 2 68 89 48 30 83 46 77 48 29 99 37 29 82 93 58 13 79 49 
69 48 87 58 73 22 23 94 82 77 89 79 73 56 62 10 45 89 1 34 67 19 92 46 11 31 65 42 70 45 78 28 45 76 58 69 12 74 60 46 84 21 98 84 54 96 23 8 76 58 74 12 51 26 63 96 69 6 17 92 10 6 14 28 69 6 90 30 67 20 58 99 22 21 58 73 17 2 19 53 6 15 51 78 39 91 86 98 77 48 41 33 81 26 59 19 85 
95 4 10 87 59 83 26 38 17 88 14 42 26 34 41 58 96 59 45 25 28 38 15 82 91 82 79 37 63 29 99 13 66 52 69 72 99 26 34 96 44 9 63 93 60 72 22 80 79 83 69 85 8 77 15 9 99 32 60 36 0 88 16 90 52 45 15 29 92 75 88 10 27 88 4 33 89 81 66 36 46 54 46 1 71 20 63 96 57 54 30 99 73 64 49 67 9 
20 20 8 94 66 67 70 61 2 85 48 87 57 89 79 41 29 40 11 66 4 31 57 65 48 70 41 34 85 42 17 52 28 96 91 13 79 8 71 24 10 97 20 64 72 50 0 57 84 78 48 51 11 77 87 59 35 68 56 60 99 76 18 19 78 42 27 54 34 10 77 17 44 50 53 63 94 57 55 18 26 38 60 48 83 51 43 86 31 32 66 61 78 82 96 59 57 
44 92 44 59 89 53 35 90 38 41 96 27 19 73 88 43 90 47 44 6 93 19 71 35 38 92 75 58 80 42 39 34 52 73 14 10 54 10 72 38 70 90 36 63 24 37 30 24 44 60 3 70 74 50 73 23 46 69 93 55 31 77 37 56 8 16 3 15 44 88 49 8 3 2 33 58 74 95 37 33 30 96 69 65 82 92 90 44 79 99 3 21 11 4 93 24 46 
87 60 82 31 51 37 41 71 34 9 93 27 11 69 33 57 51 86 41 94 10 99 22 47 40 9 81 70 15 5 61 99 27 38 71 64 56 42 0 15 85 27 18 47 74 45 73 98 37 58 57 97 79 99 52 33 77 28 1 2 10 71 16 27 83 78 22 71 94 33 2 91 10 6 70 72 51 18 96 87 98 66 88 40 75 88 27 40 2 66 86 3 94 47 49 46 61 
74 11 71 50 5 99 47 96 45 5 37 6 87 19 73 33 93 44 90 54 91 90 89 47 9 76 68 26 27 51 40 39 40 7 28 50 4 98 10 44 85 4 59 68 41 1 7 35 35 20 59 25 23 14 33 87 95 4 9 46 97 62 17 10 63 56 70 0 3 23 66 86 11 45 32 48 52 15 3 72 44 11 16 75 57 18 14 16 78 48 7 6 29 63 85 38 87 
11 62 87 97 27 82 9 72 1 36 10 83 4 28 32 88 31 76 20 69 59 93 56 30 26 53 31 25 62 3 30 56 4 24 12 27 38 13 87 18 61 42 58 68 13 57 22 43 71 44 9 94 8 78 67 49 48 64 84 99 50 73 40 79 4 55 25 5 43 85 46 63 7 2 49 80 41 24 35 70 79 51 81 54 90 56 39 48 28 7 49 35 76 17 14 91 53 
27 16 26 30 24 51 14 33 25 46 94 65 27 55 47 15 29 48 58 89 1 62 24 12 70 35 71 67 57 49 7 16 56 37 20 13 83 74 75 61 82 37 80 89 28 22 68 83 71 62 61 31 60 53 12 94 34 41 88 23 3 64 21 50 55 82 28 93 70 18 31 1 1 43 31 68 13 24 72 99 92 24 97 63 68 48 80 72 26 39 9 18 24 53 24 69 20 
17 1 21 49 0 72 60 55 38 38 54 91 68 39 19 81 17 86 35 23 7 40 16 99 17 28 2 56 46 40 95 78 45 49 58 68 24 92 89 64 20 38 68 58 71 42 63 33 81 42 83 39 29 12 52 24 56 58 35 99 80 26 6 41 75 0 11 47 54 94 38 6 97 11 46 98 13 83 99 92 29 63 45 2 32 16 94 17 91 67 18 5 31 36 20 14 41 
56 26 94 94 26 38 3 39 8 47 95 30 52 7 63 76 45 82 34 50 37 37 83 26 14 86 54 98 4 55 52 13 59 59 36 11 0 56 83 96 18 7 44 73 80 87 93 74 90 56 8 27 37 61 85 30 44 60 65 79 33 5 27 58 25 67 67 22 96 58 49 96 21 44 11 39 87 15 11 71 60 75 84 1 6 89 24 74 60 27 96 48 59 81 40 97 8 
97 25 59 34 7 13 9 72 99 91 21 49 3 88 60 27 62 30 14 63 7 15 18 32 56 90 62 26 2 58 53 94 66 84 2 31 27 76 81 36 7 23 96 54 15 25 8 5 22 82 75 92 90 66 22 9 43 98 29 26 74 22 14 35 50 6 3 94 77 41 75 5 13 9 67 62 71 29 19 0 22 23 0 18 34 38 75 26 11 49 52 48 56 91 20 48 72 
80 73 35 71 61 71 78 56 15 88 82 84 48 34 60 55 7 41 83 47 75 76 69 72 56 44 11 76 77 64 65 44 22 45 58 32 23 26 76 81 2 25 25 92 75 75 74 92 56 10 17 49 59 97 75 51 9 93 30 61 73 85 38 43 92 67 51 52 67 7 99 59 34 51 34 72 57 45 10 6 4 78 75 88 40 7 7 68 5 23 39 93 59 99 54 21 86 
71 34 47 90 34 38 8 95 65 59 17 2 53 88 25 89 26 61 43 34 4 90 30 80 54 85 15 37 99 98 29 44 52 84 53 31 99 30 4 9 2 76 41 7 33 15 15 80 74 51 57 44 23 40 2 49 85 77 7 46 27 86 60 29 51 71 70 7 75 95 60 12 5 19 37 43 83 92 11 34 97 25 67 10 53 53 51 26 61 57 85 55 9 33 1 79 32 
89 98 13 41 96 63 71 63 61 62 35 10 35 91 69 89 59 90 21 24 76 98 46 82 91 97 26 37 48 21 25 59 25 29 21 45 58 70 0 36 47 2 18 27 11 15 2 0 26 78 16 6 49 42 92 4 69 99 38 33 14 99 26 28 83 67 64 40 12 89 42 12 80 23 45 28 61 76 84 23 1 67 87 34 26 68 14 99 57 83 84 79 0 0 79 42 96 
65 45 93 32 59 32 86 56 27 91 4 60 90 53 70 39 45 31 77 57 59 26 30 98 33 63 86 46 39 5 50 46 37 1 48 40 45 83 39 63 8 84 31 77 48 24 60 90 24 44 1 71 64 98 10 88 77 44 55 80 37 78 12 19 24 75 69 32 58 48 79 17 21 41 54 32 31 60 42 94 16 60 69 99 86 84 11 4 75 50 45 81 81 63 48 58 18 
51 73 57 90 61 26 15 29 89 48 73 58 43 5 17 30 66 89 2 34 93 61 12 47 41 80 94 4 40 97 70 8 54 31 59 47 47 19 71 34 85 77 35 22 87 62 16 56 15 42 56 12 41 35 78 41 6 56 10 26 69 68 30 80 47 43 34 22 18 68 87 75 56 65 3 94 82 52 84 23 37 59 64 59 92 2 97 42 48 98 90 30 5 6 55 83 11 
62 37 74 38 71 34 59 18 77 4 63 74 45 88 76 63 88 47 55 54 42 41 12 36 8 58 40 62 24 14 58 1 23 33 96 62 29 80 72 0 4 51 60 20 11 88 65 18 42 61 33 82 87 74 84 1 65 38 17 59 97 12 79 53 14 57 51 12 25 29 53 77 26 76 46 40 56 28 56 45 11 21 13 6 81 20 75 3 22 49 85 19 27 63 91 68 67 
50 85 67 49 54 10 49 8 10 8 22 76 84 43 93 81 80 70 13 91 8 15 19 45 67 51 27 31 85 51 26 91 96 50 82 51 85 59 98 29 58 47 2 57 21 55 93 84 1 13 98 74 76 33 24 5 22 24 92 29 61 29 49 13 62 27 35 64 0 79 93 1 60 38 24 1 1 5 29 42 30 61 74 74 94 18 99 62 72 23 52 13 19 59 35 17 86 
87 56 32 78 8 44 20 92 30 39 57 18 96 18 5 65 95 6 63 49 28 55 5 18 17 88 39 0 27 40 95 21 67 66 43 27 61 82 3 29 63 37 29 71 43 35 24 30 6 40 80 93 37 4 72 83 29 52 2 26 15 31 48 54 27 61 8 3 18 52 97 35 24 96 77 56 4 17 20 2 75 61 78 62 67 47 94 84 56 32 79 3 30 40 31 27 18 
5 76 98 99 65 54 48 29 86 44 69 97 51 43 21 45 61 81 13 68 95 48 37 61 12 98 82 75 44 17 72 96 58 19 52 8 33 47 10 91 77 88 67 68 21 15 71 9 20 69 0 26 69 4 29 29 32 82 67 44 34 0 63 30 32 49 54 13 9 63 41 6 18 35 72 12 88 28 91 66 93 38 9 15 32 69 29 87 35 73 10 68 62 66 18 68 67 
77 59 38 92 94 63 81 57 90 22 8 31 60 46 33 74 59 23 97 40 75 41 44 11 25 7 98 33 50 82 85 82 96 83 48 59 52 94 33 22 4 76 14 27 69 51 65 66 77 58 46 90 26 60 60 94 27 46 4 83 65 98 2 63 46 42 41 1 66 70 25 17 74 82 5 43 74 80 95 56 72 78 25 74 71 35 58 94 43 84 45 27 14 15 34 64 3 
44 2 38 79 77 30 66 81 68 49 0 88 90 75 30 80 63 29 82 49 2 26 69 92 52 97 9 77 37 98 91 23 30 83 95 11 92 67 21 99 6 50 60 89 84 84 58 92 94 68 80 5 92 73 12 92 62 80 89 82 95 13 54 37 26 60 84 67 30 29 73 32 33 88 54 23 28 46 1 78 9 13 52 29 34 11 15 77 58 26 92 45 26 56 66 2 38 
30 23 33 97 31 28 46 27 39 47 5 67 14 67 56 62 64 93 71 71 99 78 44 20 35 70 47 74 14 39 66 5 3 62 92 78 50 16 63 46 26 61 64 88 56 36 15 8 32 15 19 25 49 29 84 0 43 33 36 34 20 77 29 3 72 69 89 37 25 51 80 81 55 52 71 88 3 12 22 51 27 95 55 81 18 60 19 79 18 76 2 79 22 84 75 60 50 
39 30 29 61 47 49 48 77 11 62 35 68 55 27 55 24 84 37 50 98 94 31 83 68 68 43 84 7 60 39 48 79 72 53 43 42 85 53 15 92 46 53 77 18 25 60 69 71 14 88 22 28 17 49 42 25 19 54 67 59 53 54 16 97 69 41 54 83 9 66 67 89 30 45 13 58 82 26 15 48 30 84 42 37 68 93 99 1 85 23 90 7 14 88 34 38 77 
31 92 20 43 62 42 50 26 13 99 27 9 37 3 43 36 30 26 80 18 98 50 12 44 3 29 51 1 92 84 96 81 81 83 14 63 94 70 12 22 49 13 54 96 48 48 36 38 37 85 66 4 2 12 62 35 8 1 18 76 12 53 85 31 2 63 41 65 82 22 91 67 37 61 78 77 24 2 63 62 1 20 39 46 39 39 27 95 85 94 92 21 38 77 11 10 50 
97 20 60 13 14 51 45 14 40 32 53 17 69 28 44 74 46 25 65 66 97 19 78 71 24 6 86 39 4 76 4 66 81 8 18 61 34 56 6 87 97 19 96 19 54 39 3 33 0 7 87 58 69 63 56 68 98 84 52 71 79 10 45 93 47 84 1 52 58 99 33 81 93 36 7 74 59 53 51 97 82 63 17 33 10 1 12 67 37 61 91 17 12 32 17 43 2 
56 87 71 43 6 23 18 52 63 44 21 22 88 65 39 68 57 14 53 15 10 10 68 8 34 67 31 77 21 85 20 74 10 26 45 56 58 50 12 73 3 55 2 86 45 8 45 61 82 64 99 49 7 54 67 32 86 52 11 29 95 81 61 29 71 7 76 44 0 89 38 93 60 86 31 14 8 61 77 21 78 98 63 69 34 94 29 33 70 42 22 60 29 15 33 5 10 
98 58 33 14 29 33 80 95 88 40 97 85 95 22 82 96 87 33 40 32 35 33 15 81 60 87 74 91 2 80 75 68 67 64 51 13 85 12 57 64 57 99 92 89 26 1 26 28 21 36 52 54 83 60 49 48 24 16 36 60 95 59 2 28 82 18 4 26 62 55 89 6 8 34 12 6 79 52 74 35 30 69 31 70 61 72 64 2 64 55 16 18 0 93 99 40 15 
83 69 3 15 46 4 14 55 50 54 57 5 97 77 65 56 92 44 94 30 83 7 56 82 81 40 16 49 70 70 0 90 68 83 18 4 45 33 75 52 23 1 99 65 72 52 77 17 61 55 56 81 85 7 74 20 22 31 78 85 34 50 1 51 98 5 89 2 57 29 74 4 65 89 2 42 15 43 80 62 67 21 90 14 12 72 51 31 5 29 16 28 86 40 7 85 78 
18 2 44 37 3 58 87 59 42 44 88 60 25 93 79 32 92 86 18 90 9 27 43 44 70 38 42 1 76 69 50 59 69 96 83 94 93 56 29 15 16 59 92 22 11 81 88 38 54 18 9 58 3 67 28 49 74 68 36 55 53 7 8 16 79 94 34 19 0 19 14 79 15 57 37 70 81 39 85 69 14 93 77 12 18 71 78 29 82 98 2 45 36 86 72 84 53 
14 69 24 59 64 86 80 16 4 32 10 94 64 81 55 84 66 4 89 33 46 69 8 80 80 63 50 65 14 55 24 16 63 25 61 64 30 77 93 62 74 16 60 79 80 90 51 68 39 38 20 30 73 85 97 58 66 91 62 47 66 75 88 22 60 77 82 48 54 51 8 12 9 2 79 60 81 35 36 34 99 6 69 50 19 93 25 39 8 31 65 55 3 73 87 25 59 
90 40 3 87 95 31 32 35 49 72 0 62 47 99 90 18 84 93 60 52 67 16 35 6 14 0 61 0 37 51 52 23 3 82 52 2 95 99 10 67 45 70 56 25 11 75 9 43 77 30 22 2 17 34 82 1 56 90 8 22 22 74 31 12 69 89 36 83 5 63 24 44 6 81 68 54 36 42 82 24 92 30 88 74 1 31 9 35 2 91 37 20 50 33 95 90 82 
91 66 89 47 49 51 20 14 65 23 66 4 10 93 36 6 93 48 59 69 50 18 1 67 84 96 11 92 71 74 65 69 90 63 92 11 63 8 70 6 35 74 1 36 52 78 23 62 49 96 83 30 80 15 99 60 31 0 34 23 42 58 12 51 14 67 94 26 2 42 10 92 54 93 74 12 8 69 41 40 64 48 74 40 29 95 86 0 59 34 94 33 64 70 93 94 9 
73 32 48 6 41 88 43 98 19 90 88 66 58 50 89 69 37 13 67 45 22 96 84 73 86 70 40 90 85 79 62 93 35 92 45 79 73 80 72 8 65 84 8 9 86 2 16 77 55 35 91 95 24 90 31 3 95 75 5 88 26 38 6 9 42 66 17 4 18 53 70 14 22 72 47 51 95 61 82 70 62 89 72 45 29 25 89 43 22 77 32 90 2 86 26 73 45 
41 12 94 28 49 54 10 92 24 31 82 7 99 18 18 17 35 38 13 62 59 51 76 78 54 33 39 18 80 95 10 14 86 17 41 4 23 15 64 36 5 58 58 77 44 40 77 49 88 16 60 86 30 52 63 41 93 36 20 87 38 16 71 66 4 58 9 77 47 5 74 29 74 6 97 9 24 41 1 70 76 76 97 56 8 76 98 8 44 29 89 92 49 1 16 72 48 
57 69 67 93 17 50 69 61 93 9 48 55 60 20 63 32 0 98 66 27 20 24 6 32 24 14 32 53 19 10 37 89 68 35 98 53 18 87 41 10 88 55 44 18 66 45 17 48 90 13 7 49 44 41 77 16 21 86 53 30 66 75 5 68 13 25 82 3 84 2 89 82 48 75 39 51 34 53 51 99 84 51 68 84 66 2 30 68 79 39 47 84 64 78 27 69 81 
48 63 60 52 2 32 84 63 89 67 59 0 46 19 62 63 4 95 23 1 82 12 42 0 87 52 48 80 16 88 98 60 99 90 6 6 15 62 65 98 85 86 46 73 46 90 36 27 31 58 5 78 53 37 51 66 11 85 92 15 26 48 38 46 80 33 38 80 53 69 13 72 14 27 25 36 73 51 45 0 18 55 52 67 15 2 9 83 30 99 93 11 69 34 39 63 81 
82 28 69 85 87 47 83 33 7 30 46 69 4 27 54 3 88 43 39 89 2 64 29 6 25 0 7 5 79 1 95 47 4 28 34 90 41 7 30 50 72 22 54 56 78 60 17 59 80 45 11 30 31 95 73 49 63 79 76 60 55 85 30 50 71 75 9 80 58 62 84 60 64 94 21 9 20 8 60 85 84 8 46 70 82 11 31 92 33 91 21 92 13 19 75 73 92 
75 82 3 67 96 87 53 1 60 9 73 23 60 41 47 78 79 29 10 38 56 51 15 79 53 31 84 22 78 72 42 61 77 51 44 72 0 73 43 81 66 73 34 35 95 54 79 71 10 59 37 48 9 29 65 50 83 53 44 54 63 99 91 44 94 11 82 65 90 4 67 7 58 66 50 20 42 21 90 48 77 49 79 72 66 64 84 12 71 39 25 64 9 94 77 43 52 
75 89 65 40 26 36 87 78 6 84 33 28 44 32 88 88 97 88 25 40 42 14 47 3 90 10 33 33 51 35 56 88 17 26 36 71 0 20 6 40 5 77 63 86 4 60 11 59 82 21 72 94 90 4 86 37 77 15 96 10 19 87 82 83 49 32 92 86 94 49 98 14 42 4 77 16 1 80 1 74 13 89 53 21 43 29 25 44 29 0 87 45 62 31 10 79 18 
19 23 30 56 4 37 27 81 89 32 17 19 2 6 9 4 56 7 69 50 87 28 99 69 14 52 25 0 80 98 6 52 11 5 70 42 65 90 2 55 24 56 13 66 59 75 4 11 63 3 37 12 32 4 0 25 28 99 67 41 50 48 58 11 21 56 36 31 4 37 53 55 46 16 78 86 30 55 39 89 85 77 66 99 53 27 66 78 62 77 78 41 85 18 13 40 88 
42 72 45 28 94 99 90 54 93 97 47 13 29 2 6 86 12 31 48 26 91 60 67 57 2 35 71 80 14 38 75 60 39 91 43 86 57 19 34 44 63 60 65 62 31 81 94 38 65 56 11 18 91 28 69 76 90 74 61 92 43 20 3 57 25 40 44 50 18 95 78 36 85 55 43 74 76 72 99 98 28 59 48 83 43 21 15 59 40 21 26 5 81 25 40 8 78 
36 57 20 58 58 76 71 76 57 43 41 41 83 42 93 84 73 47 15 39 99 14 62 9 27 93 27 13 88 87 56 38 31 83 16 52 28 72 32 68 87 71 99 44 99 77 23 66 61 39 31 75 34 4 90 48 58 23 97 21 52 15 42 75 28 44 33 8 45 90 47 44 76 12 91 27 26 75 9 50 36 70 55 84 65 84 14 70 3 93 12 59 7 84 4 50 19 
77 72 10 61 47 85 81 81 18 30 52 69 61 9 31 41 39 66 28 22 51 34 91 93 89 29 70 32 43 96 50 5 46 5 2 95 35 49 63 1 30 72 25 32 46 6 82 30 29 21 45 96 31 34 47 68 88 21 89 67 92 42 57 58 75 4 72 25 48 31 29 33 82 1 9 48 26 21 95 3 13 60 10 83 24 35 73 37 70 31 51 48 45 96 52 65 4 
4 81 46 41 19 80 41 18 52 88 23 66 80 29 57 0 15 7 19 57 8 29 52 70 5 61 47 12 92 39 51 12 90 91 78 71 54 48 48 56 71 55 27 26 49 45 71 4 98 48 84 90 26 37 44 22 85 36 40 5 41 57 87 9 50 32 30 24 87 8 62 51 92 16 98 20 15 30 10 54 68 10 10 16 59 83 22 33 81 5 14 35 27 71 54 41 72 
71 56 40 3 45 76 3 12 37 73 35 39 37 42 22 58 87 98 6 93 12 81 62 53 35 27 78 11 48 35 90 36 28 89 45 80 78 18 31 90 57 5 24 7 70 82 12 64 33 42 57 27 91 22 19 79 57 95 27 52 6 15 6 21 88 9 6 24 5 55 44 68 32 97 5 14 25 74 91 38 79 11 83 14 37 32 14 53 21 16 65 66 46 61 46 0 1 
60 32 78 39 3 51 44 14 16 29 64 13 56 93 68 53 45 11 29 38 28 41 60 63 91 81 93 19 98 2 85 45 50 53 62 91 15 26 7 39 84 77 34 79 81 69 89 59 44 10 56 25 54 50 56 21 88 42 94 19 81 71 32 14 24 85 5 83 95 42 69 71 3 56 99 74 59 98 86 13 85 47 87 39 5 6 81 44 83 24 64 55 7 78 84 26 44 
27 70 32 82 79 61 87 87 67 51 95 34 66 83 96 30 95 87 16 89 97 78 45 92 48 24 18 64 90 26 4 11 59 53 61 9 9 84 78 99 57 54 50 25 75 19 51 52 40 23 87 83 11 92 19 11 5 76 1 27 70 78 73 34 54 19 48 35 4 63 40 30 50 81 39 77 94 20 5 12 49 7 17 59 72 27 46 65 55 94 84 60 26 0 83 31 95 
51 54 49 20 59 37 46 91 79 1 9 83 88 88 4 3 19 10 56 91 83 86 68 67 73 15 24 21 40 56 7 54 93 54 58 69 95 37 74 15 88 76 18 58 60 19 45 17 72 85 94 94 52 99 21 25 54 1 27 53 81 46 43 88 57 90 83 94 74 80 86 11 17 50 87 31 16 95 36 76 17 43 14 88 41 86 92 16 27 10 64 96 44 27 53 84 24 
23 88 97 63 27 2 86 33 97 57 30 15 34 19 43 50 32 8 56 7 25 30 0 2 20 96 83 93 6 71 79 61 56 80 72 87 24 25 8 60 6 92 67 31 94 52 38 32 15 27 71 26 2 37 14 99 21 34 35 24 87 51 20 64 10 87 68 14 69 49 98 34 16 55 65 6 38 85 2 34 89 0 62 50 28 15 41 60 42 47 66 77 83 99 7 50 85 
54 42 19 69 49 15 20 28 38 90 21 53 52 14 0 93 54 43 18 95 2 21 95 58 86 21 27 84 97 33 93 41 64 16 32 60 29 84 37 78 46 97 23 93 60 55 10 33 2 63 15 19 4 87 83 22 20 72 47 0 95 30 31 37 82 75 7 83 77 96 97 25 39 69 66 70 88 68 29 87 91 22 6 85 11 78 9 46 96 27 97 18 72 40 60 1 80 
