89
42 13 57 62 96 41 86 76 53 60 50 20 73 83 75 85 86 53 52 48 30 98 41 89 55 22 47 92 7 61 27 43 22 98 15 15 56 85 32 12 84 34 40 0 35 32 36 84 30 42 98 89 22 33 72 65 90 55 57 45 0 40 81 89 87 56 97 60 77 69 45 90 56 31 30 7 93 81 28 9 20 90 88 87 20 62 40 58 28 
52 92 52 45 33 46 7 98 7 17 92 10 40 94 14 96 73 51 39 64 63 81 34 23 77 32 21 57 40 90 34 68 29 65 25 52 25 88 34 50 71 44 79 34 34 30 40 53 17 57 31 69 58 22 49 7 87 88 53 35 24 73 2 74 97 36 29 2 55 77 22 52 96 42 65 31 16 41 11 30 63 42 43 2 36 88 62 29 24 
40 3 67 17 89 9 99 42 24 58 96 12 96 27 47 89 79 26 44 9 39 8 20 99 39 99 16 40 74 3 33 79 70 57 45 31 87 76 75 58 11 26 72 74 33 16 36 56 22 82 57 14 36 58 46 61 52 71 52 15 60 69 22 70 12 80 6 91 49 63 13 39 3 92 12 72 17 82 98 71 13 18 17 82 93 74 61 61 24 
7 32 31 54 71 65 87 23 57 80 96 97 17 6 75 81 36 94 47 3 64 59 76 30 40 62 9 17 60 44 7 61 72 66 15 5 91 49 59 71 15 49 43 59 48 89 31 65 42 28 46 71 43 59 53 65 50 95 44 37 63 64 86 57 41 60 72 11 66 11 79 40 14 3 91 65 85 83 71 58 46 64 42 18 39 75 67 60 19 
64 14 60 44 33 0 1 18 36 13 23 0 58 89 10 46 35 36 29 19 99 35 73 21 16 45 11 71 31 2 45 51 45 24 22 99 22 27 32 31 53 11 82 92 67 90 4 43 86 51 66 64 54 3 66 26 59 54 34 32 58 98 81 79 26 53 7 11 91 57 20 88 42 85 14 55 33 58 99 25 50 51 80 12 63 3 21 64 84 
82 51 82 16 91 16 17 39 93 79 73 57 68 87 77 61 0 38 85 97 13 7 81 61 1 28 65 99 75 30 45 61 80 11 85 6 97 42 23 44 89 11 17 24 41 26 39 21 94 38 29 50 31 87 34 74 88 37 37 9 14 24 28 13 37 65 72 68 16 7 0 73 88 30 26 19 88 89 41 65 78 75 12 49 31 57 67 76 33 
79 4 14 26 13 14 19 64 77 71 97 59 90 15 67 83 33 49 91 77 84 10 75 49 63 41 85 19 39 22 1 78 27 24 10 1 10 45 53 25 47 32 6 4 32 11 68 33 86 50 91 84 90 84 50 1 81 93 23 93 66 43 16 50 68 87 91 69 78 47 50 93 84 25 70 30 13 69 9 43 15 4 36 33 72 59 30 22 30 
56 95 71 61 56 12 10 58 1 8 60 96 2 50 35 79 94 90 64 96 86 66 27 24 36 5 60 38 93 99 99 64 74 52 75 86 2 83 24 81 56 11 91 11 88 57 11 88 85 93 31 79 39 99 4 3 14 51 12 60 95 69 72 38 38 46 74 55 42 24 20 98 65 85 86 4 12 67 18 12 20 80 99 36 18 57 7 70 53 
69 83 65 38 51 30 72 69 94 64 73 15 47 17 92 51 49 29 95 67 72 56 38 91 82 24 44 89 66 11 40 10 64 23 38 53 7 0 82 70 80 74 84 81 71 91 67 32 11 84 8 19 28 52 18 71 60 50 87 91 47 13 97 73 19 38 75 72 76 54 65 6 47 65 52 56 98 11 43 81 4 91 66 17 99 38 76 24 46 
61 84 5 61 11 74 29 39 74 24 87 54 93 16 49 16 40 92 80 91 64 45 78 84 70 74 54 17 6 93 34 90 77 64 93 14 8 42 63 20 68 1 18 41 32 4 54 6 50 93 45 22 99 32 62 82 52 8 29 70 49 60 52 15 14 63 32 20 73 17 94 45 44 65 21 18 48 11 18 26 75 43 32 87 14 93 66 59 87 
40 54 50 87 81 47 51 23 53 19 53 29 64 59 78 46 13 89 19 56 91 93 59 78 18 68 78 0 66 65 34 57 86 45 77 27 29 67 27 14 50 81 63 53 73 98 64 38 17 77 85 1 43 39 82 1 70 97 75 43 29 25 16 63 29 90 95 65 3 15 14 33 61 10 40 88 38 67 31 44 57 61 36 26 48 51 22 94 42 
75 98 75 13 71 72 90 66 22 92 73 99 44 20 46 56 74 26 30 43 57 98 76 29 37 0 67 77 1 48 86 87 58 27 76 31 86 3 36 89 75 24 4 9 5 70 27 76 93 79 32 6 1 37 81 96 1 97 65 14 15 51 6 93 78 90 51 46 0 89 54 70 63 80 58 14 4 48 69 68 24 93 9 57 74 50 37 35 61 
84 3 83 15 0 16 19 76 95 24 86 94 37 28 0 65 2 14 33 82 73 0 7 77 71 34 27 85 78 10 58 78 59 13 13 41 7 61 59 90 15 77 59 47 35 58 77 53 91 12 14 6 2 84 36 18 92 74 57 18 96 69 25 10 19 64 47 51 95 37 79 26 84 13 62 12 72 15 87 23 16 49 58 98 42 81 64 78 38 
21 6 53 29 7 55 63 81 68 77 83 92 7 60 79 63 29 41 21 76 77 46 60 51 92 4 19 42 71 11 65 64 60 70 53 56 10 9 48 55 47 99 53 67 57 26 29 80 15 91 66 22 67 40 14 41 41 60 76 21 45 69 39 29 86 73 18 90 11 71 9 78 52 22 79 44 34 68 41 56 70 13 18 46 20 51 55 79 61 
2 59 52 93 9 8 75 99 47 2 86 62 61 90 15 72 9 63 70 17 72 49 73 59 61 73 5 82 57 46 95 67 51 89 74 97 8 25 57 56 89 59 82 50 43 36 92 89 12 61 42 8 72 27 44 94 82 33 15 3 15 83 95 28 34 73 88 59 78 89 19 5 70 98 18 97 8 22 75 43 48 90 47 9 61 9 6 37 72 
56 91 16 48 22 29 19 27 25 62 13 31 31 85 13 51 14 43 70 65 75 70 80 12 18 22 97 2 41 45 10 0 3 78 93 83 3 75 49 55 50 19 96 39 89 43 88 15 72 81 8 46 77 3 15 40 77 54 29 5 70 99 33 8 1 75 94 43 71 47 81 52 79 99 4 65 39 33 39 10 84 3 5 67 91 57 17 8 66 
68 83 36 45 2 4 43 99 47 19 81 93 23 87 68 37 39 34 26 75 31 29 84 29 13 83 63 37 3 24 61 46 99 12 32 16 4 6 74 93 89 48 73 72 90 32 35 96 79 75 90 50 49 22 13 60 16 0 79 92 59 32 54 97 0 95 45 25 51 64 43 42 66 33 3 62 7 99 75 19 90 10 49 57 63 15 94 61 16 
34 75 78 84 83 15 70 42 22 47 94 89 92 21 55 65 69 2 58 64 0 78 91 37 62 90 79 29 71 46 95 0 58 87 77 53 24 13 30 34 16 61 81 68 2 44 20 23 38 99 25 60 68 67 20 95 83 67 16 7 83 78 51 89 44 71 92 76 32 51 64 55 57 60 49 66 81 24 0 60 62 90 17 59 38 79 65 8 20 
90 0 73 42 48 13 38 84 26 27 28 5 21 73 46 76 20 10 90 97 18 28 43 35 47 48 72 7 93 47 10 51 64 75 64 80 6 4 95 26 73 66 33 7 23 25 7 50 73 77 59 67 41 8 48 75 45 12 49 50 61 50 74 90 36 69 30 30 28 49 58 5 52 21 71 37 58 52 65 36 90 72 47 66 30 67 24 79 10 
43 41 80 91 13 31 90 52 67 32 44 12 36 41 39 19 77 65 23 25 93 44 28 77 25 93 58 95 86 23 79 52 24 36 96 96 1 74 3 10 52 62 80 0 32 0 34 73 56 21 94 92 1 53 23 88 2 65 68 34 96 8 35 20 40 26 14 75 74 18 66 83 76 33 72 35 74 56 80 32 88 66 65 32 75 40 13 63 89 
55 19 23 79 64 23 69 85 75 39 60 19 97 73 86 59 91 40 41 13 20 79 86 36 0 0 19 16 80 18 40 98 66 0 72 69 90 19 29 52 19 58 79 61 79 24 13 17 33 39 67 15 41 64 35 80 75 96 52 20 18 10 57 27 44 78 71 14 54 38 18 42 86 80 85 60 9 85 62 6 16 5 32 61 86 24 85 69 35 
96 80 18 25 21 72 57 88 74 83 51 10 90 61 82 88 68 37 95 67 39 38 71 14 39 32 58 92 97 50 69 24 17 1 28 14 94 43 81 10 19 28 68 35 66 6 80 73 30 83 35 16 6 97 78 93 92 0 68 59 12 28 81 51 6 29 35 72 71 90 37 26 41 35 89 44 41 36 4 61 31 48 99 96 85 99 29 67 21 
98 44 10 36 25 6 90 60 75 98 80 66 19 67 88 97 3 49 2 92 97 54 40 58 75 53 76 42 19 51 82 8 36 66 6 95 61 83 30 38 80 83 93 33 4 78 16 2 8 49 68 36 99 95 99 44 68 34 4 39 22 56 20 12 34 49 98 28 70 76 43 20 46 54 72 66 62 79 98 65 10 84 12 95 3 25 48 8 43 
33 35 81 84 92 91 59 6 70 6 11 70 17 85 63 44 77 21 90 25 76 2 36 46 59 26 22 16 50 52 46 17 88 46 48 65 60 82 77 50 56 47 47 54 23 89 10 70 34 66 97 97 42 13 10 87 30 75 53 84 37 99 55 81 84 8 36 9 10 8 78 1 8 5 45 26 48 29 45 97 93 2 59 65 86 5 9 21 85 
58 80 85 30 14 79 35 33 89 1 31 76 75 71 28 74 71 14 70 70 90 41 52 24 91 28 42 99 79 1 57 35 32 78 16 65 71 52 24 86 39 95 12 69 66 24 66 45 30 24 57 72 33 6 55 97 89 52 68 69 99 10 6 21 9 29 97 59 47 88 70 44 23 14 20 65 64 63 31 31 57 56 96 74 32 38 74 72 9 
83 47 92 14 17 16 14 16 40 8 18 31 71 24 90 68 90 59 16 99 23 75 37 17 74 71 48 68 68 54 35 31 20 75 20 18 90 64 67 26 42 32 84 61 20 3 77 36 34 96 75 18 21 62 74 66 42 50 18 22 93 42 72 22 61 15 10 0 96 72 0 58 16 50 24 83 59 49 85 11 84 84 76 81 95 45 72 58 20 
57 32 36 35 55 79 31 0 80 92 49 31 98 92 84 75 38 66 71 97 17 69 38 50 99 9 96 13 11 32 24 84 15 39 24 62 87 26 29 71 74 8 7 99 54 40 74 13 8 38 75 13 91 14 92 9 21 53 11 82 29 65 62 81 33 74 96 36 52 54 69 16 73 97 67 97 18 16 73 55 3 0 41 67 43 88 22 14 86 
60 54 58 66 40 92 33 23 1 38 40 85 6 58 60 60 27 58 97 28 71 96 29 45 17 99 8 38 71 64 27 33 42 25 81 50 13 59 90 17 24 5 15 51 8 81 7 81 6 10 90 11 66 84 47 68 84 71 87 55 98 25 85 19 63 96 60 1 87 87 10 58 87 8 39 36 5 49 81 26 39 77 88 35 85 32 89 33 0 
43 53 54 41 5 40 76 20 7 7 23 59 95 63 47 14 81 48 94 49 99 10 19 24 25 16 33 79 29 7 7 75 22 29 0 46 34 71 36 51 6 89 57 1 64 82 56 14 79 76 61 67 10 42 42 87 88 17 84 85 26 52 12 4 56 84 80 23 17 32 6 70 69 2 22 88 13 43 41 94 13 14 27 56 71 5 9 11 29 
67 0 83 57 70 78 64 68 81 94 56 36 6 60 28 80 19 7 77 70 14 94 37 73 39 46 7 25 46 82 4 27 79 98 80 86 63 74 33 24 4 83 87 51 56 64 97 51 23 70 12 69 51 78 73 6 81 41 90 65 75 70 94 72 72 69 25 34 37 24 73 3 94 5 30 69 0 38 49 22 2 57 44 11 18 2 86 28 44 
76 74 39 78 0 37 23 95 1 54 81 86 35 98 17 46 87 82 71 92 56 89 17 21 72 26 43 51 86 90 59 59 12 70 66 84 51 2 79 47 46 70 46 35 52 98 62 56 58 66 16 53 48 27 61 35 45 61 14 29 46 10 46 18 52 96 30 58 42 39 30 57 33 98 77 76 7 0 29 89 99 19 65 16 72 41 28 57 98 
87 19 66 57 79 31 10 76 65 9 50 34 54 43 67 33 70 55 81 8 33 56 9 43 96 89 39 38 86 67 94 62 62 20 36 49 80 13 50 85 56 80 5 43 62 90 20 58 97 72 90 43 75 66 3 65 91 81 75 34 10 11 7 25 82 37 89 96 61 56 70 90 46 37 47 20 31 75 49 25 20 19 11 71 31 23 39 6 18 
17 72 62 81 94 79 16 16 87 79 47 50 60 83 7 31 20 16 15 21 34 21 56 86 5 91 30 54 99 69 61 97 12 41 32 99 22 50 10 92 85 55 25 87 29 84 28 7 84 19 42 17 86 41 25 65 73 68 70 67 82 38 14 13 30 76 61 37 29 81 47 70 96 53 0 48 63 46 86 33 18 6 30 77 17 51 56 75 60 
25 59 82 77 74 81 78 96 12 69 41 24 7 48 29 32 37 98 6 43 64 68 25 85 44 19 63 62 38 19 76 85 21 39 15 58 60 91 56 86 40 56 93 92 96 3 14 76 79 60 64 39 19 54 13 10 64 12 14 57 95 12 57 9 53 52 98 6 96 6 10 95 78 53 16 31 37 62 68 92 43 77 86 52 42 20 23 92 19 
3 2 62 41 62 26 55 66 15 80 61 98 97 49 31 92 9 22 23 70 85 5 97 40 15 52 2 37 3 44 60 62 62 95 34 85 98 23 36 2 44 87 43 20 65 33 15 7 68 44 19 65 54 30 83 28 80 98 81 45 34 7 18 67 58 82 27 50 35 11 35 10 23 17 45 79 84 61 39 83 2 32 62 37 47 10 9 73 77 
48 2 97 38 49 64 43 74 25 50 56 57 3 5 74 40 37 97 1 77 50 50 84 7 40 74 55 11 19 72 25 86 15 71 85 49 38 61 82 80 10 95 48 44 22 26 69 38 71 52 61 12 39 61 2 54 22 42 37 63 46 11 30 3 53 1 62 41 41 27 0 26 28 66 81 85 85 53 73 22 51 42 4 85 93 35 73 48 32 
49 98 78 34 95 81 43 28 8 56 77 3 82 9 1 55 91 64 62 16 6 17 52 82 48 53 77 28 85 13 37 69 13 31 8 16 75 94 8 79 29 57 14 96 56 37 25 75 83 0 2 46 46 37 87 42 4 0 35 48 62 78 25 34 77 75 41 92 92 62 59 62 38 44 86 63 58 75 37 72 72 41 6 0 5 56 5 45 0 
90 92 40 3 55 67 85 53 91 93 6 81 10 7 89 41 54 3 61 10 29 27 47 47 28 48 42 90 35 28 22 38 22 62 81 12 30 28 91 57 62 29 53 43 61 31 21 36 9 49 1 32 41 61 82 25 16 91 80 62 91 41 37 20 65 51 10 3 13 40 97 60 96 76 97 14 42 66 32 45 29 70 97 7 60 52 39 60 14 
39 65 12 82 31 58 92 30 19 8 91 77 87 82 36 18 19 68 81 77 61 28 82 56 4 91 84 55 79 13 50 17 93 21 73 77 48 13 32 98 88 95 18 31 61 26 52 44 25 4 28 61 0 64 45 73 50 15 10 0 32 92 13 65 43 2 44 64 46 51 22 12 24 30 92 45 65 81 76 68 62 90 56 8 71 40 8 53 29 
14 14 72 29 8 83 23 76 70 74 71 94 99 40 32 98 90 26 0 36 87 24 68 94 45 77 40 61 88 81 38 36 0 7 15 99 21 66 94 5 25 78 14 16 8 65 55 62 39 4 52 54 93 12 20 13 38 62 98 20 77 59 80 31 21 86 1 82 0 52 71 24 45 57 48 0 8 60 76 37 72 33 73 35 93 20 82 64 61 
87 59 14 69 49 13 70 68 62 34 57 80 7 5 88 24 38 19 1 98 31 79 74 70 46 38 46 41 88 13 86 81 38 1 63 46 49 0 37 6 36 37 18 81 69 4 49 70 38 38 88 79 77 33 17 73 2 9 16 40 29 18 56 11 20 77 37 39 22 90 49 58 40 24 51 3 64 69 87 65 44 80 97 1 58 42 62 88 2 
65 10 18 93 59 8 86 67 59 98 4 56 61 17 46 40 25 45 10 70 4 47 11 49 54 88 94 37 60 74 52 9 5 5 23 21 92 84 68 23 66 83 85 43 29 42 75 63 82 56 6 30 47 0 56 17 33 41 36 28 73 64 13 32 66 28 4 17 36 88 71 99 36 76 6 6 33 98 16 99 89 3 8 84 52 83 62 67 63 
59 97 86 29 45 58 38 37 93 3 61 71 42 91 16 4 57 40 63 37 67 99 65 35 75 50 55 23 2 78 16 33 31 92 47 31 83 76 84 72 5 98 78 78 12 78 25 33 46 85 41 18 5 33 80 56 16 34 25 99 15 71 39 35 21 10 99 3 4 59 73 4 48 0 46 68 89 37 63 33 38 39 20 11 42 57 88 61 58 
11 93 8 90 71 12 61 29 69 26 98 43 30 30 29 74 49 34 5 81 99 78 34 78 93 72 84 4 8 22 59 9 13 67 47 9 3 96 95 94 90 68 79 17 82 14 47 35 73 67 26 61 62 89 25 98 31 5 94 82 62 42 9 16 24 71 55 42 95 67 68 49 42 49 59 80 75 94 10 38 25 95 95 28 83 80 46 81 89 
23 96 28 59 15 90 40 85 1 92 40 26 88 38 70 44 77 89 54 84 94 65 96 55 80 94 30 14 72 81 89 68 42 95 71 46 34 54 65 30 13 31 43 41 68 71 33 76 72 33 83 90 69 54 93 13 12 26 36 30 21 30 72 10 66 10 86 91 70 32 47 49 19 36 76 11 78 61 70 10 58 16 21 97 67 7 1 1 1 
32 32 56 90 1 87 85 8 66 89 32 56 26 74 93 83 9 2 66 35 66 16 66 19 21 58 40 29 98 99 5 49 30 20 71 23 6 90 36 38 46 49 87 19 82 97 50 61 45 61 99 54 59 28 85 91 17 45 80 55 29 8 93 90 11 68 76 81 17 64 19 73 42 56 1 84 53 77 60 77 17 61 77 28 97 22 77 59 11 
87 36 4 97 28 91 18 12 82 91 4 17 98 30 45 51 12 9 75 8 10 47 79 95 19 58 1 66 42 92 37 63 26 49 61 91 83 60 31 52 40 0 19 36 92 14 94 8 41 24 43 17 0 76 99 46 90 95 84 95 7 53 62 2 84 51 29 81 8 9 16 76 65 34 67 4 46 45 61 93 97 58 44 45 86 14 45 55 62 
79 25 39 26 76 7 4 5 42 85 44 81 25 84 87 86 62 59 55 52 61 44 55 22 58 83 8 93 56 81 85 64 59 49 72 87 41 70 35 59 73 88 43 52 7 77 65 30 99 72 47 65 69 4 58 76 65 68 85 53 36 96 53 19 31 12 73 82 57 28 57 36 73 71 60 94 90 94 83 97 46 13 25 59 85 54 12 21 11 
70 18 86 69 72 54 91 71 85 97 99 70 18 38 7 89 41 26 10 31 99 16 83 23 71 13 72 9 8 8 3 67 5 94 68 96 70 88 77 2 32 58 85 82 82 17 80 82 35 44 18 51 11 81 61 93 93 35 92 45 96 95 49 2 26 64 46 99 39 52 55 73 34 90 49 96 34 42 8 4 48 40 44 59 12 81 29 49 48 
23 89 29 80 11 31 67 5 66 89 88 21 65 71 39 7 15 23 20 52 66 6 11 1 80 61 65 37 84 66 7 56 4 53 18 86 8 6 8 57 62 53 94 37 24 77 57 46 95 11 14 82 92 22 66 9 66 97 55 82 47 33 83 71 76 13 91 36 24 53 99 59 37 6 25 32 40 59 23 44 35 57 34 26 92 53 21 97 64 
87 96 11 77 16 28 16 50 61 8 88 10 48 0 70 20 39 1 80 41 31 84 64 87 88 25 82 83 74 2 21 3 89 36 56 35 86 90 69 41 29 21 96 43 83 1 43 49 77 86 7 76 44 77 39 83 89 50 76 4 61 7 20 95 9 0 29 88 11 83 19 42 92 54 58 97 71 59 13 81 84 0 79 77 78 10 32 27 44 
24 42 16 26 17 43 44 68 50 34 48 95 29 5 58 84 31 89 12 99 9 17 83 0 88 58 62 2 14 76 18 0 1 91 2 54 23 97 66 46 88 67 40 91 24 79 51 59 29 0 47 59 41 74 57 37 56 2 65 7 78 62 90 83 88 38 91 32 54 70 53 18 68 44 40 26 18 18 46 85 10 21 2 84 60 17 66 62 22 
17 98 49 70 7 70 91 74 17 70 0 82 31 36 49 52 9 78 81 53 30 83 48 56 3 17 20 18 98 90 76 81 78 20 93 25 51 97 13 93 35 87 38 22 40 61 99 35 46 96 22 89 86 38 2 14 58 93 38 58 40 20 83 89 56 79 42 84 81 32 37 87 80 79 71 63 48 46 84 98 8 46 11 84 35 91 1 92 22 
26 79 13 63 49 7 11 77 92 68 43 29 68 50 74 80 93 62 85 68 69 84 39 73 23 12 44 36 13 82 35 18 31 57 42 64 90 55 17 20 70 55 1 36 19 14 92 42 98 71 71 3 64 26 40 34 99 3 45 6 46 20 69 28 68 35 74 63 37 13 85 5 77 52 15 14 22 51 68 0 9 67 2 74 68 3 87 55 47 
58 24 84 53 82 16 27 22 61 93 51 23 51 66 19 10 74 72 66 25 26 46 49 78 77 78 53 29 19 10 57 46 44 77 51 17 11 95 71 16 19 34 64 0 10 8 44 4 45 50 21 20 42 3 33 94 13 46 14 27 18 96 46 92 49 92 15 3 8 50 92 30 2 71 51 72 37 19 95 96 90 43 38 15 5 77 20 36 83 
55 92 62 48 85 83 90 58 88 18 20 85 77 58 73 45 49 68 7 22 7 80 57 83 43 85 73 81 62 30 96 64 84 65 22 96 46 73 47 54 26 99 98 21 68 29 44 73 35 70 97 59 28 79 36 70 23 24 60 63 85 7 59 27 87 5 2 23 69 42 92 61 38 4 18 6 99 33 92 72 91 82 41 25 59 68 92 67 35 
64 22 67 46 79 85 12 50 29 52 5 0 80 12 8 27 57 4 6 51 2 84 24 26 55 41 36 15 35 45 24 47 0 37 64 85 23 69 12 89 21 83 77 90 61 96 93 74 83 56 30 63 41 57 44 67 62 3 95 20 28 28 27 2 85 19 68 14 21 91 2 53 52 10 5 27 3 55 78 86 90 65 42 62 40 70 57 3 34 
65 7 90 99 24 47 25 6 61 61 26 66 96 38 34 38 82 23 3 84 57 11 84 93 73 81 95 20 19 22 22 16 25 60 37 40 49 85 35 53 79 0 23 2 71 84 92 57 8 28 94 50 71 34 28 69 27 9 71 97 81 75 91 32 92 18 37 91 36 20 69 62 98 32 15 77 80 21 46 10 42 76 24 52 92 37 6 33 14 
52 63 47 63 48 43 13 50 93 7 16 73 96 3 34 83 47 41 72 76 24 21 27 69 94 70 37 17 83 89 98 48 26 64 39 1 90 6 79 23 80 57 83 50 69 85 4 65 47 9 93 6 89 60 88 89 88 63 7 97 29 6 23 87 61 56 63 12 60 91 3 23 77 97 73 62 80 18 49 11 57 63 97 87 65 97 16 94 8 
47 1 48 66 36 25 52 84 93 84 72 94 23 53 46 34 22 84 54 99 59 37 37 33 16 69 34 27 89 92 67 39 6 6 3 58 68 35 15 30 26 27 72 68 66 24 40 75 88 69 28 45 59 19 70 27 50 43 7 71 67 7 14 12 60 8 29 69 34 26 72 8 11 58 44 51 19 64 80 90 96 28 64 71 23 76 56 50 55 
65 63 97 97 22 50 9 45 90 27 0 97 25 95 22 96 27 12 2 79 78 68 29 76 62 68 83 67 83 53 87 66 61 73 62 92 57 38 96 78 92 40 41 26 49 72 67 2 16 9 45 34 22 74 1 66 97 15 60 82 88 22 54 91 41 34 57 55 3 40 34 86 66 16 35 25 81 23 80 75 55 27 65 83 19 24 42 76 67 
42 78 53 25 32 11 94 99 73 82 15 16 38 79 68 88 64 43 81 14 60 62 81 26 32 93 71 46 8 4 36 70 55 18 44 15 73 33 67 17 23 70 88 21 49 50 42 14 99 23 92 40 10 98 83 99 55 97 17 10 55 62 5 31 86 78 62 64 50 66 55 5 87 67 97 50 1 49 52 96 26 70 47 42 39 55 53 4 53 
57 87 56 17 94 36 31 46 41 16 64 95 44 12 45 5 23 47 46 90 38 72 94 68 68 37 56 49 36 7 35 52 66 23 71 58 78 71 88 3 20 98 11 44 51 84 19 74 74 70 97 60 70 31 92 41 41 76 19 5 92 42 31 48 99 73 60 78 99 35 88 85 21 75 83 40 37 50 93 89 30 34 44 67 80 50 66 58 74 
44 91 3 8 40 47 92 96 62 78 29 40 65 38 22 31 16 19 1 80 38 50 34 29 50 55 11 86 88 8 38 42 51 7 11 44 19 61 48 14 66 66 7 82 28 57 95 82 29 65 57 2 25 46 98 75 54 25 47 86 81 38 98 42 7 12 45 35 10 0 16 36 45 72 51 30 32 27 50 78 89 81 14 33 41 40 85 42 52 
63 69 13 85 80 89 40 32 33 37 19 13 64 37 2 6 47 15 90 77 59 2 52 5 88 78 73 52 2 85 28 66 76 27 67 84 94 72 30 7 59 19 2 52 25 59 64 34 91 33 94 43 16 4 43 5 54 7 68 12 75 81 12 92 57 15 68 26 97 41 48 68 73 43 17 55 58 41 87 64 25 82 24 71 16 11 88 4 70 
79 8 51 67 78 22 96 25 79 47 44 31 31 92 51 56 53 23 11 17 15 82 1 57 11 54 80 78 99 1 59 20 23 6 52 66 78 31 76 97 68 25 93 13 27 16 63 19 56 22 22 25 90 1 45 22 38 69 37 50 57 8 2 9 39 58 83 68 28 94 28 76 42 10 72 3 48 15 73 63 53 92 34 10 49 45 52 72 60 
5 92 39 49 17 96 97 15 60 29 81 25 59 58 31 69 86 27 94 35 81 9 27 89 82 54 72 0 36 69 53 17 98 84 23 57 98 82 71 30 23 56 5 32 90 43 77 41 24 22 88 90 71 94 12 90 20 46 35 32 73 44 42 33 55 6 53 71 49 3 16 66 41 42 12 46 48 30 47 70 46 43 43 80 68 77 30 73 26 
14 71 0 13 3 9 7 53 36 81 83 21 61 15 2 52 26 22 46 20 73 29 8 82 27 9 2 80 1 84 58 51 75 72 29 70 8 86 37 48 44 67 76 22 90 13 9 16 40 79 20 54 97 26 42 1 83 64 95 68 80 90 37 68 99 94 42 86 36 32 30 0 92 67 86 93 90 45 89 19 48 15 93 47 18 42 70 38 54 
62 68 2 39 13 50 81 52 41 12 0 86 40 1 24 74 69 46 57 58 32 8 95 10 14 24 26 75 50 94 83 56 25 44 72 41 93 69 46 9 74 46 49 11 66 19 66 49 25 55 26 74 57 75 49 35 20 46 11 29 10 0 22 49 35 39 10 4 93 86 98 58 15 16 31 63 52 29 28 54 91 86 60 50 37 14 13 17 50 
94 94 11 41 54 88 21 42 78 66 73 86 68 55 35 21 43 77 33 1 21 27 75 59 54 68 29 27 77 71 38 70 13 52 3 92 29 65 73 44 48 6 63 63 57 23 93 52 34 43 46 95 36 78 41 13 91 93 44 92 68 26 9 21 49 88 54 98 9 48 47 15 17 49 76 80 83 63 58 61 97 30 90 6 2 27 13 98 18 
76 78 32 35 68 94 87 89 54 87 12 18 71 77 30 6 36 29 27 83 30 60 26 89 41 16 91 31 16 22 0 22 27 32 98 34 87 49 89 18 47 92 1 20 72 70 88 95 42 45 77 90 18 9 16 66 88 17 10 71 70 32 88 0 84 46 98 13 0 7 17 26 33 98 22 3 28 6 15 31 11 42 73 42 65 51 80 23 88 
29 54 78 45 51 34 39 82 87 97 71 62 38 9 41 11 48 26 82 46 81 18 10 35 89 89 52 80 50 76 52 35 99 35 11 88 39 75 55 50 72 63 74 39 32 11 6 78 96 22 83 8 56 45 28 7 85 13 88 75 12 38 69 95 44 86 60 97 45 17 1 74 17 91 48 73 12 20 77 12 47 81 4 60 61 48 38 73 59 
86 34 13 94 56 79 52 16 67 79 50 79 73 8 96 30 46 50 57 46 21 79 44 36 44 95 39 94 99 92 12 83 83 5 20 97 76 82 80 54 93 49 56 51 44 41 64 10 63 41 98 6 64 71 38 89 35 66 21 34 49 73 33 0 9 19 46 76 32 36 85 59 65 19 86 12 32 7 76 61 79 43 42 28 59 21 26 23 53 
30 45 93 56 17 94 35 52 18 20 59 66 32 86 34 14 7 98 70 11 74 82 53 17 61 39 65 33 42 45 85 34 7 97 35 87 49 74 56 27 60 25 38 32 71 12 61 1 74 54 25 63 79 5 32 54 75 14 27 69 42 78 24 3 21 35 84 54 16 37 58 94 3 83 89 24 3 53 98 49 84 87 46 26 53 6 62 37 44 
39 88 5 27 98 56 64 8 80 41 25 10 39 34 66 17 8 28 1 0 39 37 99 25 17 3 50 45 39 85 83 2 54 15 64 71 11 56 12 52 63 8 56 52 65 28 83 28 49 16 74 29 74 67 22 33 40 14 41 54 10 23 43 44 30 64 89 90 63 49 23 65 86 7 12 25 98 95 20 37 94 19 57 82 40 28 95 39 83 
58 89 56 82 12 70 53 52 64 22 87 37 75 51 58 11 49 43 50 67 96 86 44 22 83 65 43 31 64 38 85 95 11 32 48 20 50 27 43 28 89 22 90 14 53 73 33 95 18 22 58 50 91 36 69 87 15 30 14 74 30 58 29 28 77 73 85 95 47 91 12 70 41 41 76 37 28 83 4 54 2 9 41 41 71 75 44 95 23 
67 60 37 47 7 1 62 8 63 28 27 91 90 77 54 22 82 72 10 0 37 89 88 66 56 64 60 81 38 4 59 12 6 63 53 58 62 75 36 21 12 88 24 56 43 27 3 54 15 47 37 36 35 30 72 40 72 95 41 1 2 35 14 48 70 42 45 28 39 60 7 90 87 90 75 24 86 80 50 88 79 52 70 45 19 92 43 62 19 
48 26 42 18 31 30 69 31 50 85 49 49 52 12 49 96 69 87 3 49 29 15 72 74 59 2 3 56 39 1 7 98 49 10 73 39 66 17 10 45 50 54 89 88 40 24 13 83 37 8 78 5 58 74 59 28 85 77 97 28 71 10 39 37 18 97 6 64 50 56 91 80 2 71 51 18 37 46 6 83 59 23 73 36 58 86 51 17 53 
33 28 15 16 9 50 89 10 80 40 22 76 31 12 16 43 52 16 20 26 56 64 86 98 66 8 30 79 4 14 69 32 76 32 26 62 32 4 12 77 62 52 77 97 90 41 89 57 13 99 4 10 96 0 31 18 7 98 62 4 64 15 32 65 29 52 40 5 29 46 80 60 95 77 68 59 40 94 55 54 51 45 34 73 88 80 50 92 14 
48 89 76 94 66 18 92 56 33 78 72 41 46 15 62 36 20 79 75 94 88 50 96 89 38 9 30 24 74 83 92 77 17 66 17 46 67 15 86 22 74 40 85 51 58 47 83 39 33 39 65 92 26 74 63 95 29 10 95 30 1 50 24 18 39 10 93 7 38 12 2 77 93 21 38 57 25 10 88 90 20 52 24 18 31 16 70 93 11 
49 18 20 17 51 22 16 31 72 21 42 52 59 37 64 43 10 41 37 91 38 53 21 84 49 50 0 1 46 41 24 96 44 80 55 2 18 38 96 84 25 77 99 11 81 42 64 67 38 16 48 57 81 77 50 74 30 18 49 48 13 13 83 71 98 54 47 53 35 91 57 28 17 41 94 29 86 13 19 35 29 48 90 57 49 16 83 81 37 
67 34 22 65 9 15 41 29 26 0 68 23 21 63 88 55 45 26 89 15 59 72 60 53 73 70 17 29 26 55 6 47 50 3 29 39 86 86 82 77 85 41 21 40 1 98 63 31 1 60 67 78 79 95 22 59 75 37 23 80 20 67 45 2 24 79 63 57 54 6 73 67 75 15 19 39 86 63 35 98 1 48 51 20 94 0 4 38 90 
52 53 68 58 82 50 66 19 56 94 88 72 30 7 23 51 46 50 52 93 20 61 32 73 50 42 82 43 8 87 47 50 80 94 96 26 40 92 15 96 16 21 9 10 71 72 64 19 62 38 32 9 40 4 32 72 66 58 6 38 78 10 73 34 92 22 52 67 77 68 51 27 8 72 22 88 28 47 86 14 15 11 97 66 84 78 82 92 51 
49 1 28 27 46 1 20 51 86 95 42 42 41 5 68 96 75 41 42 73 53 30 15 76 33 68 25 94 80 79 19 2 82 72 81 61 31 78 86 80 28 47 41 53 36 63 51 43 79 24 9 22 38 40 56 42 61 86 1 73 17 23 46 75 89 41 11 18 8 78 14 28 86 99 80 77 73 65 76 51 90 29 21 51 69 43 11 33 46 
25 99 21 90 85 78 62 14 58 88 42 86 9 90 79 67 31 85 55 39 12 14 66 66 98 57 49 23 96 37 81 80 42 10 11 75 86 13 15 45 69 80 75 13 28 63 84 47 47 51 45 63 11 15 93 62 93 21 11 32 74 87 53 71 66 46 53 79 1 48 81 99 64 34 11 49 99 49 0 54 39 71 74 25 35 25 79 90 96 
93 70 71 90 75 94 75 31 44 34 79 63 55 65 46 86 90 29 65 5 40 20 76 67 3 54 12 52 10 46 46 49 10 85 45 19 14 32 0 35 67 71 87 51 69 67 48 74 41 53 93 42 8 26 46 87 31 41 21 69 32 8 79 35 96 44 81 26 67 7 11 60 60 34 54 42 52 2 72 58 54 0 99 91 65 82 2 35 50 
76 52 83 44 26 27 69 46 35 60 14 60 67 23 52 58 58 41 79 75 32 58 1 49 85 57 8 71 6 86 51 76 66 80 41 30 48 20 9 60 86 66 32 0 79 31 78 6 51 44 51 73 35 87 23 63 88 88 84 54 76 45 71 62 92 6 83 10 41 73 6 18 6 63 88 75 72 85 29 66 5 62 46 56 92 45 91 80 14 
67 40 53 1 47 8 35 4 58 79 0 63 58 28 54 74 86 29 96 30 5 7 57 45 92 71 14 7 74 87 62 53 87 87 6 57 92 36 91 8 19 22 20 56 71 82 33 47 76 35 76 21 21 51 16 82 70 46 20 35 32 82 16 11 80 58 35 11 65 88 31 24 82 79 82 53 60 2 13 79 64 63 96 37 82 60 37 65 3 
96 15 66 89 52 43 76 9 24 85 25 60 88 78 38 47 91 9 54 18 87 29 28 59 65 6 97 29 4 52 16 32 33 49 94 28 41 61 46 71 74 76 37 99 1 97 92 17 85 87 90 83 57 94 94 81 56 83 86 17 58 24 85 32 36 63 52 77 57 86 59 1 15 77 80 45 65 95 41 45 35 42 34 33 48 79 51 90 49 
