69
40 18 27 97 30 18 17 68 20 35 14 71 34 41 36 60 70 79 71 92 62 57 49 43 66 87 88 66 27 11 22 48 55 66 95 85 29 88 83 19 30 39 59 91 70 75 41 68 49 96 72 91 41 27 37 72 1 78 97 64 8 24 45 20 64 69 13 6 99 
60 18 23 82 7 73 89 34 23 28 78 72 86 55 18 61 97 33 59 32 7 14 59 3 1 93 80 81 51 67 39 54 73 91 26 1 11 33 77 24 90 45 88 30 85 33 32 53 91 36 19 28 79 62 98 26 38 77 74 37 72 98 66 19 36 69 37 59 26 
39 68 77 47 45 59 48 12 98 93 81 52 18 85 52 96 91 13 38 60 22 22 94 92 30 83 18 20 36 63 95 34 74 72 18 55 35 46 41 49 42 37 88 16 71 25 13 67 11 52 44 22 71 86 13 22 70 56 76 57 12 49 5 97 52 15 21 12 80 
47 98 63 76 61 80 79 60 18 70 0 74 67 86 1 0 84 37 24 32 78 99 0 14 27 51 73 7 16 56 5 2 3 74 77 73 47 28 10 39 25 52 23 54 15 78 8 61 16 74 80 22 46 96 64 5 16 58 12 8 55 29 15 51 85 26 61 45 57 
48 85 67 34 34 3 73 66 54 63 26 71 70 68 97 91 40 54 9 81 84 67 99 88 86 96 3 55 53 1 48 14 64 95 49 29 97 70 68 26 16 15 12 49 46 22 40 49 65 17 63 98 49 38 7 11 29 4 32 74 32 30 78 94 40 64 63 65 21 
99 3 2 50 47 94 74 1 67 9 60 21 13 6 71 28 5 41 73 20 34 76 57 47 60 78 21 0 88 84 22 17 5 50 46 98 0 29 61 76 67 46 24 74 51 46 7 22 80 37 20 85 82 62 37 25 19 5 7 4 37 64 82 61 41 24 42 79 29 
48 79 70 86 68 81 6 95 27 50 30 63 19 6 58 9 26 94 19 71 55 61 24 20 39 95 42 4 47 67 80 14 55 68 36 12 59 96 95 7 94 14 21 94 91 34 82 2 45 99 40 16 80 69 36 31 74 57 64 92 61 43 3 64 46 43 57 93 98 
15 39 37 18 77 23 44 48 56 85 74 18 21 76 6 31 25 36 89 28 14 94 34 54 64 3 78 57 21 75 81 99 88 60 1 83 27 31 11 71 4 74 92 49 84 32 48 46 56 88 23 34 72 81 58 64 17 20 89 53 69 86 63 68 50 12 78 65 66 
93 97 80 39 11 96 39 3 48 32 91 58 44 44 26 79 4 84 65 30 21 20 5 80 39 73 34 18 66 68 25 19 46 92 43 19 91 59 22 67 71 68 70 31 49 8 90 89 8 4 11 7 4 83 66 18 6 93 89 66 85 76 10 53 81 42 68 90 54 
8 16 44 90 26 37 72 9 76 58 20 16 45 39 44 0 75 26 91 2 48 60 43 59 33 5 86 76 20 10 3 64 63 69 93 96 80 98 3 57 63 24 48 65 65 84 86 45 15 83 2 27 35 0 34 87 43 28 79 80 94 30 42 5 37 3 39 58 39 
51 26 21 74 70 18 30 23 77 99 11 96 9 64 10 0 21 98 93 63 65 52 47 76 88 83 56 86 36 62 96 47 2 68 38 88 91 14 76 42 9 57 26 69 62 56 75 28 95 63 53 52 76 28 97 26 4 23 75 28 71 37 32 24 3 21 78 86 39 
48 38 43 21 79 70 79 88 87 49 59 66 57 70 63 55 32 29 8 57 20 13 22 21 13 85 54 4 49 22 3 75 35 81 31 45 25 31 56 62 89 53 9 37 12 46 99 96 32 32 70 92 20 42 5 68 66 57 85 83 92 75 99 26 8 37 80 4 11 
1 43 64 41 94 1 81 40 24 61 42 91 17 87 17 90 18 35 82 43 16 25 69 71 55 51 4 27 81 43 48 18 48 33 15 61 13 21 50 66 36 72 89 86 73 93 20 38 30 8 43 61 47 81 38 88 60 38 94 87 81 48 15 28 36 41 26 70 57 
20 88 21 94 20 42 16 27 98 57 40 68 66 17 11 74 67 94 57 4 32 78 9 26 71 98 91 9 36 61 99 51 1 19 21 38 98 0 82 40 80 19 92 69 88 30 79 4 93 76 41 1 10 50 84 84 99 81 42 27 12 33 82 82 53 98 34 76 53 
7 48 51 21 35 99 57 15 1 30 57 20 13 92 85 80 14 1 46 18 31 25 11 64 85 71 3 57 94 36 4 37 43 46 5 90 17 3 48 65 35 99 99 9 33 7 14 24 48 84 44 39 9 28 55 57 69 88 89 43 27 63 26 11 17 39 85 91 29 
66 23 30 42 52 15 70 80 48 43 61 42 45 0 49 40 87 80 42 69 19 9 36 29 48 3 3 36 92 24 12 30 99 68 5 52 98 55 64 98 73 15 20 79 11 7 6 41 27 66 28 54 28 7 84 31 93 41 72 5 96 14 65 90 82 52 58 41 29 
39 63 46 56 4 35 32 19 88 96 27 31 70 38 74 49 94 75 6 96 33 78 94 44 14 33 35 39 51 90 87 96 58 95 5 23 9 10 64 76 84 4 16 54 18 76 12 96 50 1 98 4 23 49 73 28 92 2 61 95 62 64 20 80 25 8 3 21 37 
31 7 39 78 26 94 66 51 87 1 1 96 94 95 57 19 10 77 11 65 35 90 0 23 80 79 44 71 65 83 15 18 81 25 60 83 10 7 70 30 62 63 78 64 25 53 92 42 13 35 3 25 47 68 72 72 47 17 21 97 16 47 15 27 25 55 54 38 76 
55 75 37 94 1 9 81 16 7 99 14 64 77 77 59 32 81 18 3 60 8 43 67 91 81 18 8 13 91 30 1 80 4 75 10 82 19 2 75 5 74 8 84 70 65 72 20 8 2 70 66 96 26 57 48 20 6 57 57 97 60 52 92 46 4 84 99 30 14 
39 88 97 22 37 57 24 83 10 31 92 10 96 11 66 94 20 60 85 30 27 34 59 3 99 72 37 28 97 74 99 1 66 77 5 83 96 79 8 13 7 32 88 36 80 36 79 77 40 20 91 57 0 63 78 34 4 25 11 64 81 1 4 0 43 73 15 80 20 
8 82 85 21 77 48 75 27 71 17 30 57 24 66 46 64 88 79 88 19 2 50 40 10 54 54 51 95 97 24 26 2 74 53 78 98 8 0 92 31 14 63 49 90 39 34 38 23 37 84 41 84 11 88 19 20 12 48 15 54 88 20 77 56 79 17 73 3 93 
44 31 74 56 58 94 99 45 23 77 14 22 1 41 66 29 91 71 9 42 62 83 4 95 91 85 88 85 86 44 15 89 80 72 47 4 41 22 14 15 81 51 95 59 1 85 77 48 64 90 67 58 45 51 20 81 1 78 76 42 50 65 67 51 31 38 22 64 77 
20 61 9 48 23 68 76 88 28 55 35 43 73 88 67 96 68 27 28 5 51 22 57 86 35 71 40 67 58 31 83 20 64 65 94 59 34 88 29 71 71 2 7 4 35 22 0 4 89 76 12 17 41 29 41 4 79 46 63 22 12 79 33 65 90 53 39 80 4 
23 70 9 92 54 39 83 9 0 23 24 6 53 2 95 48 17 76 7 76 69 25 46 60 52 97 77 11 34 43 61 45 26 15 14 9 68 99 96 72 2 27 12 27 3 82 85 4 27 69 36 42 63 90 21 81 44 45 59 6 72 55 16 17 47 60 39 74 24 
69 19 82 57 12 49 45 41 27 89 28 33 7 50 65 50 17 0 49 94 52 16 35 82 18 35 59 19 62 99 5 38 91 27 31 75 94 22 99 25 61 80 86 17 0 69 26 12 70 11 74 2 66 83 83 41 81 67 16 63 3 55 52 53 93 38 57 62 1 
36 17 64 45 54 80 57 95 22 20 45 34 82 77 24 31 56 85 52 35 84 24 30 20 18 94 2 48 14 62 20 97 46 23 41 55 12 99 39 56 93 35 90 5 93 93 13 27 56 29 81 81 54 51 28 38 61 83 73 11 25 59 87 42 69 42 13 94 91 
94 75 11 24 16 99 38 36 80 15 50 14 88 86 6 25 93 49 31 50 0 61 83 5 64 46 40 3 5 48 51 86 19 39 55 77 73 68 26 55 80 12 84 63 20 31 51 89 29 54 28 56 20 71 11 35 69 34 3 47 33 10 73 92 44 68 78 44 8 
68 92 49 82 43 21 54 67 6 36 70 88 65 70 57 43 98 64 71 57 21 27 50 60 98 5 57 30 87 99 56 9 92 37 44 26 96 29 95 61 88 68 39 10 4 15 85 26 84 38 85 49 85 12 87 68 32 30 60 85 26 62 61 10 0 24 98 67 79 
12 59 68 52 75 6 22 82 61 16 27 14 92 49 1 8 10 99 84 46 29 79 20 27 7 0 1 71 66 0 39 44 70 85 18 0 58 41 14 38 90 39 64 23 23 3 17 76 9 72 89 62 1 48 0 53 98 24 21 10 82 71 8 56 43 6 94 49 9 
58 84 59 52 45 77 77 42 2 32 32 49 17 6 85 35 64 89 17 68 82 3 64 81 53 43 65 72 25 69 35 27 87 77 46 66 71 96 9 73 44 92 93 75 39 87 30 18 8 31 65 71 17 30 42 99 95 15 5 27 2 61 61 29 29 29 96 47 64 
39 42 97 32 11 33 49 29 84 14 11 74 82 42 56 33 62 88 67 37 74 63 9 74 12 48 54 12 35 94 73 21 37 62 38 17 90 9 96 8 70 33 38 87 45 65 63 67 35 14 81 79 46 79 27 92 13 91 35 0 1 19 59 37 55 74 79 76 84 
62 77 35 84 46 34 47 22 49 8 14 90 83 62 60 0 49 83 13 33 79 39 5 17 7 20 16 84 61 13 17 3 7 30 34 38 14 7 65 39 18 7 99 10 55 5 18 16 18 38 20 99 96 43 47 32 14 66 63 32 33 11 81 57 8 80 98 96 17 
10 55 52 20 57 17 95 88 72 48 86 28 97 22 39 94 74 73 37 80 52 69 91 63 82 42 71 89 44 66 63 50 71 32 95 59 72 4 97 80 76 9 89 5 58 54 9 24 17 5 54 49 86 95 38 30 58 37 25 14 40 23 90 94 85 27 66 88 93 
49 81 92 67 27 90 96 47 92 54 95 19 25 73 34 84 40 27 87 54 85 26 76 86 24 45 52 25 30 86 77 65 15 58 47 45 32 69 97 50 28 81 58 41 71 67 41 17 48 57 90 22 72 79 41 52 77 61 26 50 67 15 88 66 59 44 22 25 53 
18 92 85 56 30 2 99 69 36 4 91 24 81 54 67 33 93 99 28 79 73 42 84 71 81 12 66 60 36 53 96 42 64 13 86 53 62 63 76 84 79 46 81 59 1 24 60 55 61 93 4 93 5 80 65 95 52 85 27 6 5 79 13 19 29 77 63 9 19 
36 52 60 10 19 19 38 36 4 14 36 10 15 46 16 41 61 18 53 59 3 98 18 27 25 93 24 95 38 78 15 35 62 16 61 91 44 37 0 90 73 57 26 91 65 41 63 42 5 2 6 35 67 48 99 74 51 91 53 67 62 85 12 98 17 96 75 7 75 
99 74 47 52 16 23 59 24 36 30 43 76 43 93 88 71 80 30 75 40 36 58 84 80 63 63 62 68 63 98 66 14 53 22 96 5 56 69 95 54 13 70 12 45 97 32 29 37 93 54 61 65 31 10 44 52 35 53 73 32 13 42 35 71 19 15 0 35 20 
9 3 9 27 58 70 73 25 82 32 84 81 91 68 38 33 99 53 58 95 97 31 17 64 27 51 92 42 2 44 79 16 59 62 8 5 55 80 83 58 23 95 84 70 42 73 86 38 31 52 59 26 7 82 50 85 32 74 68 80 69 14 93 46 23 94 91 61 68 
14 81 9 38 39 65 94 90 98 62 85 20 24 81 60 20 76 36 98 99 56 68 62 48 72 24 23 76 49 74 86 69 56 32 98 80 63 99 12 28 37 34 42 72 63 18 81 31 20 19 99 22 61 6 36 2 62 89 18 96 92 77 44 47 55 39 44 26 25 
91 64 67 50 5 82 16 43 57 40 0 46 54 52 14 96 24 78 75 26 24 52 18 58 33 87 21 18 48 11 66 91 27 13 8 83 16 5 36 69 74 95 52 19 54 67 99 98 24 81 48 58 16 36 17 33 92 47 80 85 40 76 93 90 61 85 78 66 75 
6 76 13 53 57 3 58 83 83 78 67 96 31 88 33 70 24 87 19 4 32 7 61 90 91 67 70 48 35 1 79 65 77 24 59 23 86 32 47 64 50 13 71 63 53 23 63 90 20 86 89 20 26 7 17 91 67 24 79 88 11 38 24 3 12 52 38 22 66 
27 78 14 56 56 50 53 80 82 65 27 37 83 87 60 5 22 53 71 77 24 8 5 65 72 51 44 36 91 76 76 45 80 12 13 54 93 19 11 2 5 78 90 14 7 5 36 53 67 37 18 48 87 66 76 25 3 75 2 3 59 79 48 7 4 64 68 91 59 
51 19 45 54 50 50 88 64 6 69 90 27 94 91 41 16 57 75 47 0 40 18 13 75 31 22 48 95 86 12 80 34 30 67 23 71 30 68 11 7 75 37 60 49 83 46 63 61 97 40 19 39 35 43 81 78 26 38 41 72 11 25 77 69 99 78 70 16 60 
88 94 59 76 18 71 78 8 49 71 20 21 54 73 22 47 71 4 29 26 16 96 59 86 70 93 37 40 80 88 56 99 62 25 6 21 51 47 0 33 94 56 79 99 25 89 27 20 75 58 73 32 45 22 92 19 88 37 99 63 37 95 91 36 21 29 67 1 88 
88 22 27 18 23 80 65 9 27 30 10 10 89 72 48 31 35 88 74 54 52 61 5 77 21 70 20 86 90 17 34 81 95 53 53 20 87 56 88 75 3 62 38 54 64 67 2 40 51 99 76 93 70 96 50 37 52 4 8 80 23 30 22 54 78 44 47 25 85 
19 83 45 5 35 79 68 93 94 14 47 83 16 60 13 97 4 21 27 39 70 96 72 13 36 74 52 6 8 50 45 45 65 64 41 53 78 66 63 0 89 59 56 33 95 30 2 98 25 16 97 93 95 98 74 79 5 37 77 40 48 53 99 54 46 1 70 87 46 
73 61 42 39 38 43 78 69 23 19 56 15 69 2 4 55 4 26 90 15 93 15 90 84 12 72 76 50 99 32 8 24 62 23 19 30 51 81 51 13 18 29 76 2 45 10 27 39 9 23 85 35 72 89 9 25 36 32 20 53 58 91 86 51 12 24 10 85 57 
16 66 63 51 59 61 62 15 1 2 74 49 46 93 25 63 39 74 34 27 82 90 66 33 27 42 19 60 97 87 51 2 82 97 4 98 66 8 90 65 51 64 33 57 18 13 25 66 54 47 52 99 91 73 27 82 64 85 69 68 58 32 85 24 30 86 63 80 6 
28 12 29 1 55 87 55 64 54 19 16 72 70 10 48 35 58 18 59 71 57 92 18 66 66 20 88 28 19 17 8 31 43 18 16 46 82 44 34 24 64 39 19 79 37 96 4 17 56 33 9 59 63 25 18 22 27 94 45 80 26 5 2 36 97 73 10 1 33 
41 19 29 30 48 97 65 58 59 37 30 83 26 43 8 40 23 86 66 79 56 9 26 37 8 78 69 15 54 42 60 48 65 64 12 24 8 51 48 3 82 90 57 5 2 71 18 66 10 12 58 57 82 14 3 34 29 41 16 41 7 74 99 39 73 88 21 63 17 
36 11 78 70 60 92 39 45 71 93 55 51 75 77 74 24 1 81 3 48 10 23 54 89 24 96 50 44 39 51 3 5 34 19 78 26 61 32 28 87 48 69 97 25 56 67 53 18 22 18 58 74 82 59 66 36 61 52 93 46 98 15 15 74 71 86 34 82 99 
4 6 4 2 3 34 93 97 94 67 64 21 97 49 58 59 63 66 43 0 52 56 12 7 49 3 65 12 66 44 19 66 6 53 72 25 10 20 34 4 4 0 25 49 18 75 32 67 80 66 88 3 39 99 85 8 72 13 22 97 73 71 56 28 19 82 91 92 30 
85 77 64 93 75 7 39 69 24 89 45 30 5 70 36 93 58 38 29 77 30 1 13 5 34 46 15 15 4 8 16 67 72 28 74 75 4 36 23 79 43 32 58 72 40 28 40 46 45 42 81 76 96 10 14 21 43 24 46 9 4 25 69 17 68 30 57 20 44 
30 53 14 58 86 9 43 86 88 51 82 17 30 35 84 7 37 6 29 97 42 90 18 66 96 15 88 35 92 49 16 38 71 25 32 32 10 50 99 60 76 77 93 60 41 82 46 94 54 46 46 76 69 73 61 25 18 29 68 68 49 94 36 47 4 98 24 81 41 
49 67 29 65 77 88 27 67 67 2 86 48 14 90 12 76 77 11 21 96 25 66 38 54 29 56 39 65 69 46 33 14 59 80 86 60 68 10 70 33 32 3 99 49 73 11 1 60 77 56 63 68 97 13 47 53 25 32 93 62 42 26 12 29 98 42 98 71 54 
86 34 74 12 74 47 31 16 7 39 44 66 87 11 91 85 89 94 29 62 27 26 31 45 21 10 3 69 72 38 63 47 19 89 58 95 2 61 88 67 12 42 1 27 70 8 97 79 94 3 31 73 98 41 76 13 17 51 43 93 71 26 84 14 30 76 82 50 41 
43 6 38 37 6 30 40 26 91 10 41 60 74 34 4 97 79 4 7 44 51 78 88 74 96 57 1 4 52 33 92 85 49 18 5 27 39 87 41 50 91 17 65 8 35 23 5 7 99 5 79 53 38 47 17 91 59 20 6 94 31 76 85 54 8 24 3 56 37 
13 7 44 61 76 33 72 78 60 40 57 74 77 53 72 36 58 16 32 49 64 54 14 31 34 74 69 12 4 73 18 40 95 85 81 60 2 9 10 31 84 59 18 3 94 97 89 33 44 46 77 82 72 44 10 74 72 57 62 40 78 75 39 60 53 23 44 49 2 
39 41 78 73 12 35 39 26 90 96 9 84 33 23 12 70 30 97 90 5 49 89 12 14 13 73 13 44 34 30 87 9 33 37 11 55 71 32 37 94 57 58 92 95 28 78 76 56 74 35 57 57 51 73 29 51 79 35 63 87 40 43 15 16 48 54 18 94 22 
1 18 23 78 53 75 68 96 78 4 7 57 84 73 69 92 63 19 87 48 21 63 75 83 98 64 97 4 36 31 91 87 69 1 91 25 39 16 19 39 10 8 71 35 69 41 80 81 58 57 48 49 64 71 31 3 8 15 77 73 40 78 82 73 57 51 79 77 79 
96 17 92 51 43 56 7 52 92 15 46 47 12 8 42 2 56 80 14 89 80 68 62 13 11 53 20 48 96 46 99 1 11 90 95 12 86 34 46 43 40 61 69 30 71 61 2 13 34 45 26 48 74 22 48 42 99 95 53 63 7 30 15 21 66 24 56 7 0 
37 77 85 88 30 44 87 51 52 75 8 78 58 54 82 41 95 59 77 16 21 27 90 12 6 33 48 11 97 28 13 58 5 61 14 95 19 74 37 39 33 43 19 30 16 19 71 78 22 75 1 75 37 62 65 44 21 13 84 32 1 70 21 59 38 45 50 39 59 
99 40 56 84 7 18 28 22 80 22 85 9 68 27 44 63 94 75 99 57 58 39 63 35 83 65 40 95 64 22 83 3 24 2 5 97 19 25 22 53 25 60 21 91 81 9 56 9 52 84 68 48 73 20 33 99 37 94 0 46 37 44 95 70 99 5 99 16 38 
37 86 80 46 25 71 91 3 69 45 10 95 66 32 24 46 71 19 74 58 31 4 25 49 66 63 96 75 50 74 21 50 4 38 39 87 56 70 14 46 26 52 11 39 75 18 27 77 80 67 23 10 21 48 37 52 43 23 30 13 24 65 92 45 84 60 59 65 42 
3 85 98 63 82 58 93 44 90 46 50 99 3 86 83 0 71 55 5 91 71 15 35 76 32 8 4 32 50 55 55 2 93 50 94 95 77 83 20 32 42 61 4 45 90 64 95 31 61 85 54 66 3 4 20 78 8 71 6 64 58 16 78 86 21 14 4 91 19 
68 24 12 63 84 28 60 75 36 81 43 19 64 61 76 27 40 24 33 21 23 5 28 90 97 73 4 42 65 38 40 22 84 5 36 68 31 10 54 48 51 45 88 61 76 19 10 3 47 88 18 98 33 39 32 16 94 24 24 81 75 84 7 64 96 36 91 51 45 
85 70 20 76 20 58 18 5 39 54 15 46 82 37 63 78 37 73 47 32 63 3 61 12 92 62 64 38 12 26 52 84 55 52 26 56 9 56 3 46 15 34 59 80 76 41 97 92 23 90 51 46 14 29 75 71 48 31 81 14 77 9 40 59 10 12 96 78 60 
46 99 69 85 77 19 6 14 27 32 16 77 11 47 1 90 6 42 6 49 1 77 15 20 71 18 13 63 43 45 10 74 58 22 73 10 67 11 63 95 87 79 66 22 72 45 76 22 41 95 83 67 92 2 53 27 77 35 11 30 71 89 33 69 38 66 53 98 4 
15 43 58 44 91 33 11 85 96 79 79 31 58 8 66 9 18 33 40 75 87 58 90 66 76 98 3 34 40 70 33 21 16 91 14 95 39 27 40 18 48 79 23 99 62 39 34 82 20 78 55 36 5 12 37 83 41 26 48 88 91 57 26 96 88 11 68 72 36 
