64
11 79 39 22 95 36 80 34 14 98 16 12 72 33 68 63 16 27 87 8 66 16 28 73 33 36 53 49 56 92 94 58 2 29 17 12 17 89 41 14 20 60 17 95 17 81 29 80 58 19 9 5 31 95 19 29 74 59 87 34 56 63 14 90 
27 28 55 85 30 23 95 32 32 41 41 60 73 18 81 56 19 66 25 51 45 36 77 78 75 66 73 2 89 18 3 15 42 4 15 74 46 73 35 5 47 44 78 36 65 36 72 23 41 45 21 11 64 11 27 23 41 14 48 41 36 4 73 45 
80 10 92 18 96 22 32 91 10 61 98 54 36 98 74 41 83 51 57 33 14 40 5 80 9 54 31 94 41 1 72 77 35 42 87 6 20 92 16 12 23 25 21 52 55 42 18 30 77 21 11 4 18 63 43 34 97 70 50 90 11 68 23 29 
32 47 34 86 43 61 73 51 24 76 82 47 65 58 46 71 35 10 33 65 18 60 45 91 55 55 93 13 67 47 75 59 44 1 75 33 45 91 16 76 71 28 4 14 43 92 48 43 52 42 98 92 66 79 58 57 29 45 65 38 8 84 20 93 
21 72 18 72 29 28 96 79 14 67 22 38 37 18 32 94 74 82 31 1 47 40 27 62 61 3 24 18 94 8 82 9 5 61 61 99 68 73 71 36 31 81 5 59 74 1 92 67 92 57 86 7 36 10 24 8 37 49 69 44 31 83 76 54 
78 68 2 66 9 78 51 44 80 73 95 57 46 73 58 33 70 16 77 30 90 79 49 54 91 75 5 90 16 9 87 57 10 88 92 12 65 99 89 74 87 23 39 63 74 42 47 21 4 34 44 84 97 53 73 80 74 82 18 26 56 50 63 76 
27 45 52 21 91 32 69 45 26 20 21 65 78 76 79 4 38 59 33 63 32 85 9 51 25 94 19 4 77 74 28 89 99 92 64 7 12 60 39 31 56 39 62 13 41 51 74 43 24 48 94 71 28 87 1 89 58 74 44 81 71 93 22 74 
28 48 30 20 43 21 62 11 92 44 1 73 83 7 96 17 6 88 38 2 80 28 49 56 92 2 98 41 79 31 44 29 68 13 22 12 45 2 91 34 28 92 58 65 66 31 64 22 29 80 77 94 28 62 77 95 55 83 15 76 0 55 83 29 
97 64 10 5 78 94 22 54 7 3 22 3 67 73 43 18 19 31 24 43 30 77 48 34 38 56 93 53 55 63 7 30 97 72 76 96 49 22 23 37 29 32 63 89 37 31 33 73 53 26 98 67 35 59 91 33 7 65 40 41 20 29 68 9 
79 6 35 8 42 43 86 93 62 63 87 87 5 15 69 63 87 8 35 80 82 87 98 20 77 63 39 35 54 35 77 84 23 17 79 3 6 67 98 72 42 52 42 39 98 87 69 37 37 21 72 50 80 65 81 0 88 17 14 24 5 91 68 53 
88 94 57 34 65 91 56 37 28 44 90 11 45 72 47 98 8 86 68 22 16 44 83 51 96 8 93 68 74 30 95 87 84 99 56 25 46 59 84 9 42 79 21 35 77 14 28 42 66 70 59 92 44 50 74 15 13 99 48 67 77 72 27 85 
10 3 28 87 73 39 46 30 59 31 18 29 96 69 28 89 36 45 5 80 44 85 72 51 19 62 88 76 85 37 3 74 42 7 14 13 28 19 61 89 91 99 46 7 10 77 70 23 83 0 15 37 93 62 26 39 66 2 84 36 15 89 1 67 
64 90 60 91 24 74 26 55 78 44 56 81 60 54 83 88 41 14 96 8 10 73 63 68 98 31 37 34 34 24 83 57 36 1 49 72 16 58 73 15 52 16 44 96 97 60 35 13 12 68 12 17 48 38 89 96 35 19 1 23 31 85 54 17 
86 2 42 93 41 97 42 13 66 15 58 92 50 2 38 88 98 97 7 67 55 85 66 53 1 44 66 47 85 42 94 46 74 28 20 1 26 33 97 41 54 19 54 81 63 54 92 79 1 30 66 71 58 22 31 73 68 18 63 49 65 77 54 63 
56 80 68 97 64 4 37 51 13 91 77 14 47 46 68 61 59 38 24 32 1 69 15 18 64 28 89 46 66 28 75 46 28 93 98 65 94 19 27 0 83 8 62 48 75 8 0 90 2 37 29 63 34 50 72 23 25 30 91 38 33 73 33 87 
62 48 40 17 22 39 95 6 80 92 22 35 26 46 78 90 88 84 86 92 50 96 76 32 68 69 65 84 17 37 76 60 38 36 52 52 80 34 21 27 76 75 56 46 28 41 70 38 63 66 38 35 99 41 32 78 63 68 83 53 31 56 20 78 
56 81 13 59 45 1 88 66 0 32 99 58 55 85 18 36 50 68 9 27 29 95 92 67 67 56 10 5 67 10 72 70 88 20 19 73 68 23 57 95 78 71 86 34 52 18 16 18 12 49 32 85 3 8 92 37 17 88 24 39 76 67 18 23 
82 80 27 3 78 70 36 42 27 44 50 87 46 80 29 31 7 41 45 76 10 46 99 7 79 28 64 68 62 91 72 45 35 58 84 49 3 85 49 68 72 57 1 97 58 87 33 83 34 25 86 61 41 78 67 1 54 17 23 28 82 10 58 32 
69 61 26 34 10 91 48 43 35 91 74 32 19 94 44 82 1 88 23 56 49 68 62 23 99 38 35 90 64 11 62 64 49 57 5 32 52 14 88 17 2 92 74 91 71 75 69 97 31 43 50 56 46 24 40 37 36 95 47 71 71 24 18 98 
28 7 66 20 52 72 90 33 43 63 23 58 86 28 54 42 74 29 97 90 70 98 7 63 7 21 91 99 52 43 31 48 88 22 80 17 26 95 74 47 28 17 15 67 13 59 45 55 17 50 47 22 36 57 65 30 90 44 84 65 74 98 85 52 
70 23 11 33 59 97 8 31 79 49 69 72 39 98 38 27 60 15 57 3 74 3 91 41 63 91 29 94 98 47 52 45 95 89 44 33 63 91 92 33 86 55 86 42 45 78 27 30 67 55 97 98 76 43 21 32 48 62 54 98 23 23 99 43 
77 24 2 96 77 49 69 82 91 24 17 52 55 55 50 72 46 55 93 83 7 32 51 63 39 25 91 32 94 54 72 50 54 29 5 39 22 99 60 29 52 32 18 7 88 85 44 57 65 46 37 2 51 59 92 90 3 25 93 61 70 40 53 75 
48 63 93 86 34 41 61 97 72 97 37 3 60 0 21 14 28 76 91 46 39 9 46 81 31 38 55 8 48 97 71 12 69 79 79 44 95 66 83 20 86 1 63 67 84 36 25 49 95 82 21 19 3 44 43 5 61 71 97 18 7 9 53 51 
95 88 2 2 64 20 60 37 56 64 19 60 64 9 27 84 6 39 22 75 9 97 39 53 80 4 32 63 96 3 77 23 24 62 90 12 31 18 30 13 77 81 33 78 91 55 37 66 65 32 18 32 82 72 28 4 23 50 75 43 14 29 49 48 
63 50 52 37 32 79 98 82 68 76 73 76 94 89 69 7 12 72 58 2 32 33 12 68 44 88 34 49 62 58 50 10 15 40 30 10 4 48 8 66 39 58 28 51 76 61 60 55 12 99 81 34 55 80 48 13 22 54 13 62 96 37 7 81 
50 34 46 86 23 22 63 47 97 86 53 91 6 69 53 23 75 98 87 80 10 52 80 73 53 45 33 57 99 75 22 86 19 66 92 7 84 87 61 43 58 5 52 27 71 54 82 37 6 77 73 28 34 75 20 53 73 88 61 12 11 8 77 47 
50 40 63 23 91 56 40 65 10 82 38 0 48 80 57 59 81 54 58 97 23 60 60 94 10 40 13 52 77 81 9 30 94 55 50 22 73 49 76 82 1 5 10 50 56 68 19 80 85 91 54 64 59 74 15 47 32 16 70 12 85 72 46 74 
1 43 76 2 38 94 35 80 3 99 80 0 36 83 87 20 56 0 13 1 61 18 74 16 7 16 10 82 46 62 72 11 42 65 66 64 41 70 12 12 32 39 53 19 88 76 75 63 23 4 0 71 3 97 9 85 23 13 3 7 57 34 58 82 
9 0 82 3 19 51 86 59 56 42 11 27 51 62 5 53 59 95 66 59 37 53 3 86 12 27 29 42 1 70 53 81 22 92 47 53 47 12 10 8 59 95 0 35 93 73 34 7 54 62 99 60 72 19 90 47 30 92 98 48 23 29 61 58 
61 70 9 99 54 32 72 63 89 18 16 80 87 29 26 47 86 92 59 48 52 15 48 25 9 94 8 97 62 54 18 87 38 82 21 77 51 93 71 24 62 24 9 26 93 53 49 79 53 78 95 36 44 1 78 15 41 25 47 12 7 7 3 98 
21 70 50 94 11 61 41 27 50 84 65 32 78 42 10 78 85 47 6 43 28 52 64 53 2 64 69 74 81 82 58 82 30 37 36 95 9 77 76 73 77 75 19 23 6 25 58 56 36 11 72 35 97 66 73 3 60 87 92 19 81 69 89 51 
85 8 8 99 86 29 1 8 48 4 4 82 10 44 37 30 92 75 86 81 99 10 98 17 96 83 3 74 34 46 17 70 86 61 40 67 45 89 43 46 41 27 54 54 6 8 51 82 28 14 59 36 57 91 36 91 40 15 82 16 57 74 65 41 
89 51 54 3 27 61 64 90 65 13 71 43 29 41 32 22 63 80 59 22 68 67 48 50 61 32 90 17 46 17 59 82 62 47 18 87 48 65 26 52 53 5 83 5 0 19 59 64 71 98 95 48 19 76 65 56 12 25 82 80 36 47 45 28 
90 8 94 30 67 77 70 60 59 16 12 63 38 26 1 50 91 8 25 41 67 15 25 75 39 30 70 42 27 16 76 47 59 35 92 76 0 1 40 23 44 73 0 78 48 50 94 19 35 53 7 39 7 48 58 2 39 88 14 15 24 71 72 11 
46 59 99 67 80 40 55 83 57 21 70 85 61 83 42 88 10 89 77 11 4 23 38 85 41 42 27 30 15 6 88 4 75 84 32 1 99 72 89 22 64 82 14 33 82 76 12 31 82 24 9 92 25 8 1 76 79 32 92 80 47 59 18 71 
35 7 57 11 52 51 40 7 31 99 17 6 26 31 49 9 90 3 81 27 39 35 29 20 27 3 45 65 77 32 4 90 64 99 92 88 72 66 65 30 28 97 98 23 50 14 85 15 14 74 92 64 50 24 72 80 55 39 31 76 12 75 71 75 
52 97 69 69 50 2 40 11 13 10 81 50 54 2 4 52 62 68 47 58 53 58 31 27 77 59 13 98 37 78 66 21 97 32 78 70 11 69 4 74 76 58 7 56 49 47 82 72 66 85 0 66 88 27 42 99 55 11 11 87 27 31 7 24 
92 84 25 82 66 12 18 36 55 36 2 8 63 66 54 79 86 21 1 92 4 49 37 59 35 55 97 22 51 43 36 16 6 30 21 22 20 75 54 36 88 32 1 56 49 65 17 65 14 81 10 3 13 46 7 55 64 60 12 88 48 86 6 69 
45 82 35 42 16 2 16 9 9 71 73 37 91 81 19 63 66 81 61 20 18 16 78 12 25 18 87 16 7 28 45 52 71 62 21 29 23 96 16 13 85 56 92 46 8 57 64 43 54 12 60 19 35 32 64 48 40 44 50 72 71 64 57 68 
87 0 73 40 12 51 97 95 63 36 80 16 61 87 63 19 74 58 46 7 73 78 10 97 64 2 30 45 81 28 77 97 32 52 91 59 84 53 21 52 53 66 32 99 5 34 14 54 34 4 67 65 68 6 19 82 40 25 90 82 4 35 26 55 
0 17 29 29 30 52 38 50 54 94 17 30 36 93 11 12 98 85 72 49 67 44 24 51 34 0 10 25 5 88 88 66 62 11 17 91 43 6 60 27 78 49 97 34 0 98 26 82 58 21 40 26 79 64 42 36 93 83 58 51 88 45 55 6 
1 99 38 73 11 88 49 97 73 90 51 3 70 87 97 26 43 57 91 65 19 6 15 89 93 79 55 99 96 36 50 12 87 64 48 26 13 19 35 50 42 65 95 36 77 73 62 1 39 32 50 54 16 5 39 19 70 51 24 19 81 26 2 86 
75 46 4 39 49 65 99 53 99 91 10 90 19 53 15 32 99 43 12 28 13 35 48 88 24 96 85 36 61 55 64 2 1 94 17 84 29 63 53 83 79 72 19 41 32 25 50 26 27 1 29 24 43 50 96 70 27 5 91 1 17 15 13 39 
28 39 91 84 22 9 9 78 90 50 22 4 69 2 31 43 76 87 53 94 86 96 20 12 95 74 5 68 87 86 20 53 58 2 3 32 34 14 18 63 8 56 39 76 49 96 4 35 96 80 77 45 49 3 12 66 96 20 7 22 19 28 35 60 
58 98 91 11 5 88 41 35 81 71 35 76 41 14 67 7 37 0 56 46 84 24 47 64 2 35 13 18 84 89 36 21 0 80 86 75 54 34 34 93 53 97 77 66 5 2 61 61 41 24 14 40 40 95 27 67 13 41 20 61 67 45 13 62 
20 63 85 33 18 19 21 9 60 98 73 4 80 47 38 75 10 51 95 52 80 20 90 5 13 96 39 79 95 11 94 49 38 75 81 44 92 69 82 95 3 28 24 98 18 64 74 84 90 9 24 30 38 11 81 96 22 4 26 59 93 21 81 73 
78 81 27 58 81 66 68 83 84 6 29 37 24 55 0 79 51 7 80 86 55 88 80 15 16 44 61 86 48 69 4 58 92 8 67 68 92 83 96 22 8 57 36 61 34 50 73 91 23 69 87 35 97 23 6 6 87 40 97 0 81 0 36 80 
96 60 87 21 70 80 22 46 23 11 9 10 95 18 25 33 76 17 42 58 92 63 65 37 40 93 21 44 24 50 9 3 62 10 93 31 11 25 66 33 17 16 85 27 52 99 40 98 16 94 84 90 11 34 27 85 65 26 89 80 27 44 51 88 
54 26 60 95 50 22 3 94 27 47 39 41 24 33 70 15 5 29 41 60 75 30 57 80 43 80 74 73 57 72 85 90 85 62 92 72 95 75 87 37 43 56 67 71 27 88 82 87 30 88 66 20 27 84 14 40 46 98 19 62 20 14 16 56 
33 1 30 60 63 68 28 50 14 40 38 42 63 80 25 54 14 35 49 74 16 17 56 20 99 64 72 93 32 48 16 64 75 0 49 80 86 49 30 94 33 66 91 22 82 21 91 48 83 48 80 81 69 23 65 48 0 39 30 86 74 89 41 30 
91 41 9 23 83 61 23 47 30 58 98 55 8 79 56 49 48 26 75 38 83 39 26 24 55 38 91 66 74 81 63 88 66 88 50 46 66 14 85 27 55 45 7 12 18 29 95 45 13 86 8 4 69 41 31 48 98 18 93 37 87 67 65 35 
26 39 29 21 28 2 30 29 62 70 79 66 59 73 33 5 10 54 65 32 40 72 83 96 3 50 40 99 2 49 72 76 72 1 21 95 93 18 40 97 84 2 69 4 68 85 78 35 71 42 29 70 71 14 23 69 72 94 66 79 94 49 80 54 
85 39 42 13 40 11 43 51 58 20 73 31 36 82 94 1 99 68 65 25 51 74 60 22 59 35 61 50 4 76 65 77 51 15 97 71 30 87 1 99 83 97 83 59 80 77 25 50 12 31 23 22 48 15 19 99 70 88 52 4 55 30 18 85 
40 1 49 9 22 3 80 58 38 3 72 19 60 96 46 38 61 48 89 29 61 19 11 24 7 30 12 68 64 91 28 94 50 68 54 26 85 19 53 59 49 9 55 92 87 40 54 2 18 73 59 13 10 28 39 41 40 60 31 35 78 51 8 44 
79 56 76 34 42 70 60 9 22 64 97 46 85 1 65 84 63 62 59 11 53 12 50 38 7 18 99 24 10 78 15 40 89 25 28 91 74 62 5 46 67 67 16 21 68 19 83 78 12 26 83 59 63 37 77 56 55 49 60 57 39 20 24 60 
6 41 69 43 96 34 83 33 71 63 50 52 73 9 7 50 66 81 94 96 66 40 92 10 60 12 28 20 74 57 73 82 20 17 35 90 97 89 67 59 2 38 74 87 94 17 55 82 43 83 72 43 86 13 98 35 81 88 21 89 79 24 75 33 
5 71 99 46 45 53 41 78 87 35 69 68 27 49 41 57 24 62 30 88 34 0 49 25 92 40 62 45 52 99 14 29 56 26 27 89 63 40 77 52 0 23 90 29 27 79 61 56 93 35 47 98 11 33 7 32 64 12 40 92 84 40 30 15 
24 67 37 47 83 47 26 83 32 81 49 54 11 77 85 93 34 32 87 94 12 99 5 86 53 41 97 18 49 5 15 37 43 1 61 73 42 71 2 45 71 34 90 45 66 73 99 26 80 88 55 96 86 40 66 52 39 94 19 66 32 72 28 97 
48 80 82 67 68 82 11 65 61 13 26 52 1 41 13 41 5 48 98 87 48 90 44 27 6 80 2 57 56 30 26 26 67 69 47 77 20 85 38 40 70 58 67 71 87 50 72 68 82 51 12 44 63 83 77 58 82 86 76 86 77 75 77 8 
68 12 51 30 62 24 30 64 50 6 20 43 73 64 19 74 84 62 69 38 42 97 90 53 71 73 59 54 76 83 76 23 46 23 91 95 76 94 41 90 37 8 74 76 67 43 21 31 81 35 50 51 2 1 35 84 85 71 54 69 33 82 45 23 
35 12 93 24 23 89 93 47 59 81 51 22 92 87 93 12 6 45 30 13 83 40 64 43 32 67 85 22 35 92 74 92 18 67 12 72 53 32 91 46 20 64 98 20 32 51 44 67 4 13 89 4 36 48 40 22 56 38 33 34 31 36 80 51 
87 7 52 64 42 26 35 35 0 29 47 91 16 29 10 78 93 34 59 29 25 66 96 50 49 95 97 33 60 12 31 3 14 16 66 3 26 85 64 2 83 1 75 15 24 75 59 28 83 37 61 56 27 49 64 66 7 7 17 54 71 62 78 12 
43 47 9 22 39 51 48 75 53 7 45 99 63 47 90 29 72 84 66 77 26 59 60 86 54 88 58 59 31 28 31 86 50 23 85 89 84 29 13 15 50 4 89 68 69 67 52 81 82 78 54 79 77 87 39 2 18 25 70 81 13 8 76 85 
51 45 59 20 87 91 28 0 67 51 63 61 35 24 5 4 55 84 46 47 73 53 59 2 72 47 59 59 33 83 41 77 46 4 77 58 20 49 5 28 98 12 72 8 61 39 1 71 37 77 21 68 9 48 58 42 18 65 25 23 98 93 44 83 
