54
33 20 32 65 23 27 86 42 64 67 39 65 37 26 13 79 30 96 97 80 81 92 21 75 52 85 45 16 81 34 8 30 55 71 24 73 43 78 13 20 51 87 38 3 80 80 95 20 50 49 26 56 28 76 
77 3 17 97 22 89 51 96 87 79 96 87 97 34 14 88 91 87 41 44 83 40 70 47 60 95 0 8 80 33 80 28 38 50 33 23 53 35 27 11 43 36 75 59 40 26 48 68 83 82 6 94 67 1 
37 25 96 95 62 69 25 1 9 1 26 67 33 29 20 91 45 64 40 69 45 2 85 16 86 86 61 22 99 12 34 36 31 14 24 1 68 84 59 86 71 10 7 78 48 30 91 4 61 15 75 82 41 50 
11 80 46 75 22 43 48 84 92 27 98 10 90 41 7 57 24 38 74 3 81 37 75 17 96 98 31 59 87 74 64 29 80 99 65 94 53 64 48 28 12 77 92 86 88 39 27 12 64 35 58 73 62 54 
93 68 65 41 31 76 8 6 65 92 78 75 23 56 46 54 11 42 59 26 51 30 10 22 55 49 85 64 72 16 56 98 64 5 99 73 81 14 38 25 57 39 62 6 76 20 25 60 14 40 5 95 65 44 
98 91 68 27 61 17 18 38 26 32 8 85 38 6 33 78 10 77 79 90 95 50 88 30 71 59 85 35 74 2 52 78 70 73 13 32 81 55 9 65 92 9 86 76 74 37 19 36 23 99 60 81 99 49 
88 31 47 59 47 87 62 77 35 60 77 77 39 82 37 12 73 93 35 53 97 30 6 24 79 54 13 58 56 48 40 74 94 82 33 16 13 88 92 10 69 57 0 31 37 54 41 86 15 37 26 55 22 39 
43 85 85 70 5 88 46 47 71 2 27 88 14 9 18 58 65 39 72 49 86 71 68 49 36 56 45 37 5 60 9 75 97 3 38 36 46 34 10 30 84 47 56 32 64 91 11 29 61 99 3 9 7 16 
15 89 87 34 64 2 8 52 29 30 16 42 80 43 52 67 61 60 87 83 11 34 41 37 87 52 52 2 50 68 19 54 83 3 74 60 53 51 68 46 86 39 76 99 20 79 75 40 7 19 67 16 26 55 
33 12 27 81 77 65 4 87 82 39 99 27 9 18 66 65 16 71 98 84 92 44 71 9 48 49 7 21 73 48 35 67 51 36 78 18 13 78 15 85 97 65 68 53 44 1 41 15 24 6 22 51 57 47 
47 44 50 61 34 51 61 50 56 28 38 97 37 73 12 39 10 62 43 9 49 8 22 83 64 17 41 69 12 58 39 58 93 21 89 33 3 74 35 54 31 88 29 70 28 44 34 31 93 55 81 82 7 6 
8 70 97 52 2 98 24 43 50 7 10 39 14 49 79 8 2 33 46 75 89 63 38 28 99 58 40 35 6 61 6 94 18 21 94 7 11 37 77 67 33 65 44 47 0 65 85 26 8 77 23 64 52 18 
35 65 78 32 35 59 82 82 61 15 72 28 57 63 81 23 0 82 81 73 61 79 39 36 90 68 35 16 20 91 69 5 56 87 16 65 66 98 9 0 4 26 97 59 21 67 78 12 4 52 3 85 7 62 
27 78 57 30 43 41 68 97 24 73 77 26 37 2 81 17 63 20 40 72 62 38 61 7 24 20 54 5 20 30 56 53 53 25 15 23 26 71 10 57 26 57 29 10 65 73 76 34 5 94 17 15 47 74 
59 52 54 42 66 29 91 85 58 2 24 27 47 93 43 69 84 47 10 54 37 71 3 88 3 44 26 45 2 28 16 98 18 61 93 55 90 55 86 5 11 9 48 32 90 18 73 88 53 92 84 4 28 97 
73 86 66 52 75 94 52 83 97 6 93 11 12 23 5 77 90 90 86 25 10 46 4 76 9 41 17 52 49 34 54 35 93 79 34 32 74 13 6 16 89 30 82 13 35 1 41 53 31 92 26 38 41 14 
12 77 2 41 47 45 47 25 13 55 39 75 37 0 73 53 65 23 69 38 16 83 14 46 62 73 17 55 57 81 89 59 62 70 10 59 89 6 84 21 14 95 89 63 28 47 32 27 84 43 69 10 11 58 
26 57 29 15 40 68 14 53 42 63 39 20 43 6 82 20 84 17 44 84 33 89 99 45 29 71 28 70 65 82 83 50 34 3 22 48 15 14 69 6 33 19 15 41 58 85 98 9 29 6 29 42 41 59 
30 23 34 20 16 90 12 27 60 61 54 44 88 29 23 12 97 29 9 23 1 74 11 69 13 41 13 28 1 89 90 8 10 0 22 47 77 25 84 4 14 5 3 15 48 8 24 60 84 77 26 90 21 63 
46 87 35 26 31 86 5 13 83 60 49 88 69 79 74 25 23 73 1 86 56 50 49 61 97 85 17 15 76 57 12 7 50 56 64 3 4 89 16 30 95 7 49 20 40 82 52 68 42 62 85 31 65 58 
7 94 96 80 16 14 68 56 30 40 45 46 8 5 67 28 91 36 57 77 60 84 42 98 31 28 16 91 62 72 94 50 72 18 11 75 5 55 89 86 70 17 41 67 39 66 48 37 30 47 62 59 15 22 
95 19 62 42 11 61 0 6 88 12 93 93 83 64 32 65 48 40 25 25 26 22 45 62 67 58 80 30 62 72 95 64 96 22 77 86 37 42 67 88 22 33 21 50 40 49 9 52 15 89 86 82 74 83 
86 27 24 67 93 55 33 11 46 50 7 71 9 48 59 84 47 82 56 72 69 83 45 0 12 89 20 26 26 10 31 47 78 76 52 13 26 80 94 66 74 43 94 34 50 35 32 22 36 97 70 42 60 58 
88 80 49 95 34 55 1 38 26 32 89 38 54 72 47 91 82 13 41 55 37 26 27 9 26 48 66 37 1 19 8 92 55 78 88 54 58 56 53 18 11 4 76 99 75 4 75 62 77 98 25 19 74 20 
25 89 47 46 66 28 52 26 17 78 62 72 13 83 47 20 5 50 62 5 61 7 38 84 99 74 95 26 33 6 43 63 23 70 76 72 14 21 64 48 12 86 71 39 68 62 97 84 3 14 31 9 61 28 
27 33 50 43 76 62 36 41 95 28 25 94 77 59 51 9 15 57 44 85 53 4 41 70 20 35 27 10 89 59 57 89 30 26 76 33 43 17 4 43 51 71 5 63 6 61 58 78 11 76 42 55 35 18 
49 63 17 90 38 86 29 60 63 87 19 92 63 84 45 90 48 16 78 15 40 38 38 84 33 71 23 54 54 31 18 93 94 73 38 25 20 82 71 58 88 8 11 91 92 88 86 91 92 93 24 46 85 67 
66 91 77 77 60 87 3 63 6 65 21 45 66 12 48 25 98 79 49 68 53 99 26 56 29 68 79 97 21 77 2 94 94 2 3 55 88 78 14 18 2 54 58 95 66 54 78 29 72 93 16 34 30 7 
3 6 84 23 3 17 65 87 87 99 6 70 21 58 81 64 38 71 87 57 58 94 8 35 99 24 19 6 23 46 20 72 79 28 29 26 55 12 61 70 77 30 46 37 25 45 23 77 51 92 98 88 55 46 
15 29 55 39 44 61 96 17 53 93 11 20 9 11 63 2 12 7 79 3 9 49 37 72 92 16 2 7 92 5 39 87 27 98 77 35 66 14 65 54 16 43 42 56 28 0 99 80 79 9 30 93 92 56 
63 92 98 10 79 13 76 75 48 2 49 59 98 66 35 46 80 93 30 10 45 81 94 68 59 17 53 17 46 10 15 8 5 24 36 82 85 15 89 82 67 95 47 7 65 53 69 67 59 99 6 5 4 84 
34 47 83 66 22 83 86 92 90 76 29 21 19 70 73 67 30 78 93 5 60 83 91 36 13 27 0 4 24 29 38 75 9 18 95 94 62 58 58 57 80 1 94 78 53 31 94 46 36 12 16 96 21 67 
3 38 87 61 17 30 56 54 47 74 31 63 7 73 85 11 55 55 86 45 83 91 8 72 61 56 35 14 22 77 64 46 22 9 91 40 93 63 95 12 85 95 40 8 27 4 36 54 61 75 28 1 14 17 
28 91 14 36 62 62 82 91 8 25 52 76 52 19 63 31 84 2 29 29 43 35 15 70 14 38 43 33 62 70 62 71 15 9 44 92 11 87 51 58 89 8 39 22 31 11 53 5 55 56 81 28 49 78 
39 64 96 24 74 29 88 75 2 90 43 74 7 79 80 17 87 11 95 18 62 33 68 45 50 49 64 8 69 91 18 92 43 9 12 68 85 91 33 68 48 73 63 69 52 8 10 76 61 1 95 40 55 15 
95 34 38 84 84 96 84 8 14 46 47 86 56 13 49 71 50 61 3 85 96 83 54 13 24 44 16 45 12 97 82 25 24 5 61 21 98 52 99 41 61 62 76 74 16 28 81 85 19 86 23 52 28 7 
82 80 0 46 14 30 3 67 68 92 66 29 42 37 55 78 49 19 66 54 8 9 2 25 98 24 60 60 76 5 81 10 88 30 52 88 10 25 66 4 41 66 18 45 47 27 5 52 91 74 38 64 8 76 
68 87 19 18 72 10 22 17 83 88 99 3 85 72 20 0 23 28 44 92 80 14 35 63 74 34 76 87 13 26 40 82 85 75 81 1 25 47 45 58 80 73 36 39 63 69 47 82 25 57 26 2 0 97 
66 50 5 5 73 28 95 91 37 83 85 88 15 51 69 13 45 64 86 92 26 2 6 59 69 40 65 52 26 63 77 11 0 63 31 81 78 97 48 99 69 4 17 7 2 10 89 27 86 78 72 25 41 44 
5 90 81 53 38 16 4 77 72 86 33 83 34 34 82 76 35 15 34 40 0 40 26 87 12 46 52 92 98 70 31 85 89 43 75 94 44 43 66 59 1 60 49 41 68 27 85 16 37 97 66 0 94 63 
74 2 76 76 11 71 41 29 37 76 34 72 55 61 43 38 65 16 52 96 88 81 21 57 8 85 54 99 71 7 88 83 10 99 7 55 95 26 4 87 2 55 76 99 97 21 56 21 76 86 25 54 43 72 
51 28 55 74 73 84 59 22 24 77 87 50 70 77 16 57 71 95 91 68 99 35 41 51 58 63 73 95 47 6 72 93 8 47 69 33 48 84 72 72 8 44 69 91 77 48 26 13 51 46 87 13 86 4 
31 78 25 97 88 80 75 57 80 21 63 31 46 28 73 71 16 5 64 74 55 29 99 27 93 70 70 60 40 44 54 98 91 91 21 58 78 49 97 90 23 79 53 83 35 36 25 21 1 10 94 84 21 6 
13 42 22 50 94 52 62 86 83 78 81 37 91 75 66 82 89 36 37 43 56 65 52 57 8 90 21 50 24 33 5 61 35 6 7 96 95 71 66 67 93 98 57 36 94 12 97 31 70 13 23 22 42 42 
72 51 41 31 2 14 69 87 32 5 33 1 61 25 63 21 87 51 59 12 16 41 82 61 3 72 61 92 79 27 63 41 96 54 34 27 79 89 94 67 92 67 51 5 37 55 4 85 26 66 26 59 64 3 
84 9 55 85 82 70 66 71 1 68 91 26 29 66 51 87 62 60 61 7 36 49 69 5 29 8 55 0 70 43 58 3 83 92 57 90 21 73 37 65 74 28 98 3 39 72 68 9 5 51 31 46 46 13 
18 72 43 22 29 1 87 76 46 60 31 60 34 78 22 42 38 33 85 32 72 65 55 41 29 98 43 68 4 86 43 49 21 63 1 6 17 21 52 14 81 30 80 55 62 35 60 74 35 80 34 78 38 79 
99 25 26 87 28 91 71 4 31 37 8 79 87 85 38 19 43 29 53 26 91 86 88 7 84 76 6 30 26 39 84 19 41 73 47 91 29 51 30 39 32 34 17 39 9 31 4 48 34 98 15 7 7 60 
0 11 30 24 45 13 36 18 52 63 10 20 24 82 89 16 5 97 80 2 66 11 96 3 89 85 14 36 60 30 52 78 76 99 26 10 66 71 32 57 37 68 82 81 88 69 85 28 89 61 92 11 5 32 
34 54 42 28 15 11 14 34 7 72 37 8 0 27 39 24 39 65 21 19 56 6 73 3 12 73 73 94 84 44 36 81 86 67 69 74 68 27 99 95 99 13 42 48 31 17 74 87 16 1 24 42 46 14 
70 89 50 52 86 82 0 65 33 51 69 68 82 79 18 0 97 86 64 62 64 8 20 54 13 60 91 30 87 74 70 6 83 26 19 0 44 43 27 94 43 57 1 99 97 71 17 82 94 70 42 35 26 83 
83 76 54 72 28 80 54 71 65 64 48 54 19 82 50 26 87 39 53 19 9 84 48 34 33 70 32 36 82 67 10 7 67 65 75 34 28 14 72 28 83 10 34 78 3 94 97 0 74 89 65 54 61 60 
74 44 78 43 65 35 23 91 76 83 6 73 7 51 97 65 10 35 15 63 59 93 42 7 84 63 84 15 34 57 2 83 41 33 47 16 3 31 45 59 61 42 78 34 90 5 14 89 11 7 2 7 12 44 
53 54 75 36 67 33 51 41 18 53 5 56 97 59 92 57 57 38 24 78 16 1 47 39 96 61 8 39 80 42 5 82 38 51 72 95 33 19 50 65 56 25 59 83 68 20 31 97 74 37 90 33 12 39 
