27
15 22 76 72 99 58 27 27 78 15 14 85 57 72 93 99 66 36 85 88 7 3 23 27 16 48 6 
39 43 1 25 66 65 19 47 71 98 13 27 51 98 44 64 11 78 69 94 44 18 15 7 7 33 87 
49 24 71 74 9 26 87 10 45 74 92 21 19 74 11 71 64 97 0 76 89 45 63 7 85 63 58 
17 14 39 71 13 15 32 10 76 65 44 73 54 49 7 46 5 12 45 15 38 72 69 58 45 68 47 
71 49 20 90 86 43 75 53 21 61 96 45 71 71 88 73 41 8 14 81 18 30 27 71 74 44 81 
51 51 70 62 11 15 45 69 8 38 76 28 97 41 39 38 18 49 90 53 84 38 26 56 48 43 88 
38 69 83 23 23 76 99 53 45 99 50 69 53 50 34 84 76 42 52 75 47 11 52 93 25 42 32 
82 87 88 63 59 8 51 82 25 92 7 25 66 0 39 93 59 75 18 6 48 83 65 77 64 8 45 
8 1 6 70 40 77 70 14 17 69 62 88 28 51 34 20 87 33 20 57 91 53 1 42 51 35 53 
30 13 28 32 14 29 53 11 13 62 64 63 32 25 83 70 97 5 53 10 67 68 27 10 23 45 36 
77 8 55 62 83 96 63 25 61 68 43 34 84 39 77 61 16 92 50 95 47 13 68 47 44 0 52 
28 35 13 30 28 12 18 15 8 4 96 77 73 85 77 17 27 57 48 9 65 49 73 30 68 77 34 
97 65 76 79 11 78 90 45 11 69 9 79 4 2 73 73 43 26 81 39 13 44 63 39 44 48 96 
11 0 87 76 53 26 51 21 37 65 80 48 44 8 79 62 55 92 75 16 1 38 57 49 65 18 14 
5 4 3 42 7 18 56 51 97 73 76 53 65 36 18 63 84 13 15 38 97 19 84 31 99 53 77 
11 21 48 65 65 8 1 53 6 80 39 18 37 31 44 22 10 74 18 58 97 42 22 63 38 31 17 
29 31 93 12 29 86 32 66 92 3 82 96 43 94 65 96 54 8 70 39 9 36 96 2 69 38 2 
44 74 22 36 15 9 94 43 76 66 7 51 25 16 94 37 26 24 5 26 83 84 16 51 6 12 89 
69 88 43 56 13 79 88 0 52 68 62 68 28 46 47 34 82 79 17 98 88 98 33 66 85 39 80 
42 1 44 24 50 15 89 73 14 57 10 7 70 58 80 70 14 88 30 24 26 9 82 23 22 56 5 
17 14 64 64 50 89 32 86 56 84 11 23 1 93 53 46 12 41 15 75 39 8 99 63 39 37 75 
81 6 18 44 67 41 62 20 34 10 89 85 75 14 45 77 56 12 63 62 54 17 26 35 5 36 8 
78 42 81 30 18 84 90 35 72 43 96 96 37 46 0 99 18 4 78 46 93 58 18 76 54 32 26 
31 46 31 16 97 20 86 48 84 60 28 68 48 88 26 12 73 35 46 92 75 85 9 69 91 98 15 
47 47 28 61 34 77 16 95 29 68 25 64 24 44 66 55 10 70 85 8 49 5 53 28 74 15 26 
70 58 84 50 70 12 24 72 96 86 40 36 91 94 67 5 28 32 75 67 99 5 12 94 64 36 68 
48 79 87 94 87 18 70 56 23 12 87 91 46 99 69 60 11 50 46 54 81 85 29 19 49 87 98 
