82
46 45 74 21 0 80 74 90 85 20 8 54 98 51 19 28 39 90 72 83 61 21 58 71 72 72 20 32 44 27 86 6 34 33 75 46 0 92 89 51 15 93 35 91 24 98 13 5 9 82 37 80 7 15 3 75 21 32 62 57 49 66 67 43 70 18 87 33 46 50 33 94 94 63 10 80 37 36 29 4 50 48 
87 22 69 70 84 62 53 54 72 63 15 56 44 89 24 18 57 38 97 91 82 30 84 11 15 77 92 34 83 21 30 32 64 49 90 23 7 44 81 37 61 71 64 55 8 47 15 99 38 39 53 55 48 14 88 17 50 5 89 35 43 17 13 99 7 36 91 12 28 5 82 46 61 77 31 25 60 53 7 45 60 94 
67 38 7 49 2 43 41 9 1 5 80 74 67 56 65 8 95 85 13 21 6 19 25 68 46 48 20 7 0 7 50 4 27 84 26 76 2 99 54 52 56 71 31 10 92 92 9 52 43 92 16 8 18 35 40 5 5 89 75 41 94 29 77 72 44 49 75 8 24 37 92 12 49 57 52 68 84 78 3 66 99 20 
46 75 11 59 50 11 21 76 7 83 97 84 71 43 67 12 92 58 28 64 59 98 73 22 59 79 43 74 71 40 70 49 79 28 39 74 80 96 82 73 6 34 6 47 42 33 91 35 33 41 14 52 0 17 7 79 0 2 21 41 33 30 68 50 19 49 44 25 73 89 23 32 45 45 31 82 69 13 81 88 32 88 
58 22 50 91 72 77 94 62 90 82 66 17 10 72 73 33 44 31 45 89 0 25 56 20 89 50 17 29 61 93 27 29 52 37 33 89 80 42 50 44 71 22 49 93 40 12 90 80 5 52 40 34 66 59 74 63 44 99 5 42 65 16 63 88 84 10 98 51 93 71 56 25 78 60 95 6 21 40 34 46 89 5 
46 45 5 76 13 86 72 75 45 99 44 46 64 87 38 52 7 36 30 56 48 4 16 28 83 15 6 21 41 72 30 41 76 25 60 34 51 85 70 92 1 14 84 19 6 84 14 39 70 61 57 53 61 33 57 67 4 61 74 55 59 4 79 9 2 40 88 67 56 13 16 98 10 39 41 7 96 49 8 68 35 1 
66 70 29 28 62 96 61 43 6 38 59 76 43 15 50 11 52 85 46 16 19 88 10 60 36 86 19 36 1 78 0 97 62 55 94 57 65 72 55 59 61 10 46 23 24 10 6 73 69 41 76 36 88 66 56 39 49 96 11 36 71 74 59 61 77 83 68 40 35 14 44 14 96 15 28 85 17 44 41 8 18 8 
81 56 85 65 81 72 95 81 0 25 19 43 11 52 34 80 77 22 97 94 99 35 2 49 45 70 54 81 67 89 60 44 42 20 79 80 83 97 94 28 98 63 53 93 93 35 49 53 79 70 81 37 9 48 12 83 96 55 95 33 93 95 42 45 55 5 51 0 21 24 11 43 48 55 86 37 27 26 40 49 64 87 
45 15 36 14 85 55 26 62 43 17 49 3 77 81 7 49 19 44 35 49 54 56 99 83 8 22 11 57 40 77 6 64 7 34 98 36 62 35 35 61 28 17 10 29 17 43 43 38 65 20 34 49 26 29 87 9 60 77 61 31 63 9 81 66 9 92 66 67 51 84 59 59 21 68 41 56 81 59 4 66 63 21 
73 72 12 88 4 72 83 13 27 8 1 90 71 38 41 41 97 95 23 74 94 48 74 66 32 69 49 96 15 27 83 22 96 46 95 98 57 80 71 62 95 10 53 70 10 88 53 4 6 15 46 34 47 44 51 76 70 16 98 4 15 44 80 24 87 62 4 43 39 37 54 93 0 23 80 9 59 25 59 21 45 40 
41 26 71 11 56 69 95 20 0 21 51 86 61 2 87 29 26 63 62 60 66 61 11 63 65 65 94 92 41 33 30 10 44 51 30 90 69 77 40 42 62 80 98 3 56 80 39 19 54 58 22 87 21 79 90 92 37 13 87 37 10 95 34 13 70 68 44 23 86 57 95 26 52 94 77 24 76 43 27 55 31 60 
75 32 1 18 79 92 84 29 37 56 26 35 64 16 23 15 12 4 3 76 30 83 39 53 88 50 20 50 12 14 78 65 80 66 64 2 98 39 52 8 5 93 68 30 60 71 97 63 27 44 8 11 25 38 75 42 66 20 94 34 41 7 95 72 22 97 65 60 21 99 96 36 3 25 94 52 86 16 1 91 70 31 
18 65 55 3 51 1 89 26 25 22 22 87 17 55 37 41 71 15 30 54 18 83 59 10 95 95 35 49 41 61 18 57 83 58 96 45 80 49 51 92 61 23 63 34 40 72 21 78 92 72 28 60 86 30 28 14 99 2 14 10 1 23 62 23 68 71 80 53 25 20 49 14 38 51 85 92 1 8 98 61 59 94 
31 43 77 1 0 0 10 66 15 25 17 54 80 71 13 16 67 99 39 85 86 49 51 57 31 68 24 76 67 36 24 46 88 4 79 17 53 0 68 69 67 64 7 11 17 59 19 11 18 82 41 63 84 71 94 34 13 71 16 70 57 85 78 99 10 86 99 27 24 94 16 15 93 3 2 68 13 78 60 50 36 79 
32 20 1 38 86 16 16 92 89 7 60 39 83 65 33 43 66 2 52 70 8 70 81 16 52 82 56 44 73 1 65 26 20 70 78 57 75 71 6 64 85 99 71 46 14 69 98 64 27 5 11 57 63 89 96 4 73 77 70 21 27 99 42 2 92 94 83 68 45 82 85 75 17 26 20 3 63 82 99 97 74 64 
43 70 9 65 52 6 50 0 22 61 12 40 18 48 16 72 76 36 28 57 21 76 11 79 89 12 14 8 62 89 81 94 89 84 43 72 95 68 62 77 89 85 13 61 81 39 61 52 40 87 72 41 72 12 71 16 83 47 35 32 91 85 9 61 93 29 99 50 69 11 6 59 63 32 55 53 92 44 59 50 60 83 
22 81 80 55 44 36 90 30 18 50 28 56 41 31 54 5 62 45 0 83 6 77 92 89 24 81 34 71 29 30 36 22 8 25 1 93 15 46 37 39 99 32 59 76 11 82 2 54 76 44 86 95 33 5 43 50 22 39 11 72 59 76 28 70 91 38 77 73 32 27 93 5 46 16 16 54 67 92 95 37 41 12 
78 0 24 45 49 50 92 34 63 26 98 32 59 38 15 0 74 19 29 76 51 48 83 74 9 21 58 38 38 51 61 7 77 13 30 14 98 22 65 92 46 22 74 81 79 86 16 53 63 37 29 87 28 21 70 9 96 83 11 76 42 79 93 41 21 96 99 20 38 0 59 17 57 43 6 17 82 7 95 68 92 33 
70 37 35 6 3 89 44 9 59 74 89 9 31 4 40 6 17 47 24 18 12 77 36 70 43 26 21 99 46 18 10 55 56 82 11 45 23 47 97 98 54 40 33 33 92 63 49 62 33 91 42 26 38 9 57 7 72 22 71 28 82 45 60 73 40 26 83 25 44 26 88 79 31 90 75 51 48 91 65 62 2 92 
14 38 20 25 50 30 70 99 90 9 96 88 86 61 46 41 40 26 87 31 88 96 54 11 67 15 48 46 99 27 53 78 85 13 10 3 22 82 76 74 52 34 90 32 68 75 85 54 78 96 44 37 21 9 60 81 77 78 38 64 27 36 85 93 50 96 87 82 81 23 47 59 78 75 5 44 47 97 81 75 56 71 
88 52 55 41 1 54 0 75 32 64 49 47 79 40 47 5 53 79 84 11 94 70 4 84 74 61 94 49 31 71 91 36 57 29 67 96 60 84 21 61 72 10 66 53 42 21 38 97 95 76 33 20 50 7 25 1 3 22 73 83 47 41 0 69 0 35 16 20 89 93 84 6 32 35 89 85 68 78 32 81 85 61 
43 79 54 77 51 87 54 51 93 56 20 26 72 44 98 27 58 71 54 34 41 2 26 82 14 81 21 28 69 56 91 1 43 71 91 2 20 37 89 89 93 64 7 91 58 92 73 28 18 46 4 7 79 55 56 83 14 22 54 68 56 82 45 20 83 97 85 41 81 31 10 71 29 15 63 26 25 85 43 50 47 8 
62 96 24 46 48 83 51 23 87 52 67 59 43 50 42 73 91 13 25 29 79 54 97 56 37 96 40 91 58 50 29 38 65 89 14 56 56 42 24 81 63 97 40 63 21 48 4 78 5 0 58 75 74 33 46 52 40 77 60 75 44 99 92 8 52 46 54 76 83 66 94 12 42 23 40 31 63 78 98 85 9 12 
46 61 66 72 83 15 61 29 97 31 7 82 61 45 33 59 31 10 16 89 91 51 37 54 71 2 69 3 18 50 96 70 66 52 47 68 16 76 51 56 58 77 53 54 51 82 60 16 87 46 9 31 41 75 60 9 48 95 79 59 6 68 76 86 82 75 24 20 46 8 15 13 85 60 80 28 30 67 34 40 24 48 
45 87 31 80 14 6 20 20 41 87 86 8 61 48 57 45 19 93 40 10 25 86 44 72 70 42 91 23 62 57 15 5 4 9 86 13 72 55 23 60 35 22 5 14 70 72 21 80 63 82 98 19 20 81 96 53 62 19 16 79 45 61 40 79 33 26 52 35 25 66 37 24 45 24 51 53 36 6 4 52 16 76 
68 91 0 28 24 23 75 16 47 99 19 69 70 48 46 33 28 26 14 37 70 94 40 90 48 70 66 38 19 55 93 5 39 26 50 97 50 27 3 68 88 98 35 45 10 91 82 47 42 65 14 74 81 88 98 23 56 21 5 71 81 38 40 12 82 31 6 81 88 79 21 32 70 53 73 77 0 68 5 99 63 69 
62 79 63 52 88 80 84 1 20 39 68 82 64 98 37 99 95 88 55 1 57 90 44 75 22 45 84 59 87 17 58 38 49 61 40 28 51 16 95 83 52 52 50 46 37 25 81 25 73 2 15 4 78 57 53 82 70 89 70 36 68 6 75 19 40 88 60 63 85 76 58 18 20 79 92 74 51 69 89 38 50 47 
24 88 90 34 6 80 8 61 57 84 24 21 66 29 63 48 51 21 79 59 55 16 93 45 54 50 22 65 41 2 87 31 5 61 52 32 1 45 77 93 43 22 59 43 52 88 76 49 32 43 98 1 16 31 39 88 56 26 62 53 69 56 99 34 47 24 56 28 89 30 44 32 46 17 73 59 72 75 54 82 84 79 
24 79 40 75 5 73 25 94 11 26 86 62 23 28 10 19 14 97 46 35 82 44 14 51 94 13 98 23 3 25 59 95 99 64 40 97 91 60 74 79 17 15 67 93 42 0 54 40 26 31 77 44 86 95 1 24 34 62 39 51 39 12 84 10 61 12 99 81 34 77 67 32 33 84 60 36 25 88 91 58 84 79 
29 48 89 95 25 54 61 85 18 45 16 33 73 4 92 8 69 3 82 56 92 41 13 10 57 13 83 30 52 69 28 12 2 96 58 6 92 90 8 23 27 94 35 50 88 69 14 84 58 22 94 28 37 86 78 81 27 52 66 91 22 53 30 38 93 79 90 41 3 49 17 47 14 13 66 64 26 17 89 38 99 31 
83 15 85 23 80 11 65 3 98 28 49 38 18 70 56 42 60 8 41 58 97 81 48 44 29 76 39 84 55 49 90 69 60 39 85 56 79 87 71 88 52 91 68 97 45 92 89 81 85 87 69 5 76 82 52 52 91 44 26 99 98 30 50 17 98 38 5 38 80 86 18 87 99 29 41 1 89 38 96 8 65 30 
54 6 71 81 82 9 97 13 73 89 37 11 20 99 84 18 80 59 57 62 65 90 8 54 26 25 7 27 51 74 79 17 41 9 92 95 19 42 22 18 14 54 88 39 34 6 83 12 48 65 83 58 68 63 67 77 52 51 7 88 20 32 7 43 66 2 20 31 98 20 47 17 70 74 14 91 99 88 62 32 71 67 
7 43 56 6 7 8 71 51 29 51 70 77 74 78 72 6 80 17 63 6 51 93 80 45 45 50 83 14 14 30 38 69 91 12 35 29 92 54 82 47 58 44 14 26 44 76 37 76 62 82 46 25 47 81 54 35 68 61 59 51 82 42 25 59 69 78 47 46 76 10 67 8 64 81 90 55 0 35 31 87 52 58 
88 37 62 95 66 37 11 87 62 65 43 92 15 90 39 16 52 97 44 26 92 27 56 73 88 51 75 93 95 85 24 71 16 77 65 89 21 13 86 44 56 73 8 56 30 45 99 90 16 60 6 76 42 35 55 17 20 15 24 75 53 54 76 27 66 10 64 33 55 9 69 97 61 90 50 86 40 87 91 61 25 1 
70 53 12 20 59 71 48 7 28 85 40 64 58 66 86 36 62 41 71 12 8 74 90 69 13 77 2 90 61 92 18 96 35 18 28 26 70 7 46 74 2 83 9 32 44 19 1 27 55 90 55 58 50 93 34 30 8 71 59 5 75 60 64 30 50 17 64 41 62 27 21 65 99 77 68 67 60 38 70 42 48 0 
9 4 1 16 29 32 27 78 5 60 79 64 29 7 78 3 9 33 45 94 70 96 82 79 29 64 92 12 18 9 85 3 98 32 57 55 16 0 59 91 94 96 92 12 3 15 24 91 35 67 25 89 43 94 72 45 52 91 55 32 39 46 65 83 41 88 20 4 61 78 0 34 43 27 85 97 34 17 80 7 34 13 
80 62 46 24 60 14 92 40 44 71 51 19 29 35 64 27 31 42 91 37 25 80 68 55 84 70 24 78 8 58 25 9 1 97 55 78 31 44 86 43 97 63 37 97 64 73 13 12 94 86 87 18 31 67 4 35 16 56 23 53 79 60 89 90 3 5 96 35 65 33 70 21 73 19 14 23 90 76 57 78 57 30 
83 77 45 83 73 15 21 34 94 8 15 96 6 73 92 22 19 0 45 51 96 40 24 13 85 54 9 51 80 62 36 38 86 21 88 98 73 75 79 37 26 4 40 15 84 28 99 93 71 69 95 96 56 2 54 25 10 42 90 91 42 85 11 1 88 75 47 59 77 19 33 39 1 76 75 70 30 96 35 33 48 89 
20 17 53 2 30 99 13 54 76 29 66 44 43 79 5 15 35 34 49 92 21 51 29 14 32 27 10 26 98 18 83 89 76 66 24 48 98 0 67 35 0 99 93 37 26 89 10 68 87 74 12 84 78 86 94 83 94 51 74 81 55 57 83 37 98 91 61 68 9 0 50 40 93 46 11 14 69 66 90 83 68 29 
91 21 28 18 22 14 34 90 42 9 78 42 8 88 62 4 32 30 95 97 37 75 57 94 72 6 81 50 2 63 33 13 10 38 3 95 67 12 55 76 68 70 11 67 55 11 37 93 52 31 88 90 73 54 8 39 47 34 20 30 92 25 3 43 9 23 55 76 4 53 93 41 19 44 25 54 82 85 31 34 62 2 
16 44 56 13 59 93 46 96 31 2 78 73 26 63 12 25 32 53 41 41 82 45 70 39 22 23 40 48 39 2 42 62 91 49 77 46 50 63 87 17 43 48 35 87 57 97 74 50 14 39 51 95 15 79 78 72 65 65 30 98 62 63 92 1 25 17 56 26 76 95 79 58 70 95 92 34 92 45 76 3 53 17 
17 15 87 53 10 62 54 32 89 99 47 75 52 27 19 30 46 36 77 24 9 18 98 8 44 95 4 91 94 45 74 87 91 71 35 85 56 89 49 69 38 12 43 72 69 46 63 39 58 54 6 97 87 81 97 85 11 17 81 71 68 39 79 14 26 53 46 17 46 17 62 11 13 93 62 52 36 43 70 21 92 5 
63 87 87 43 17 45 81 66 26 89 98 93 17 6 8 66 26 75 1 90 9 67 4 90 82 52 45 71 28 42 8 73 63 71 6 64 93 89 23 67 4 4 43 71 12 21 23 81 71 24 85 76 91 28 33 54 46 36 32 9 53 50 63 77 18 35 84 81 52 88 7 55 2 62 36 98 28 38 83 31 66 88 
98 48 66 14 91 2 88 84 32 93 46 40 96 10 58 64 8 80 68 15 92 92 36 89 61 80 82 54 54 8 22 95 11 52 7 38 98 85 24 40 18 35 85 80 7 31 0 94 8 23 20 73 95 51 24 98 90 95 68 55 74 3 4 69 53 26 10 55 99 12 11 44 15 79 19 50 17 89 67 1 10 97 
7 58 26 23 43 38 90 78 83 12 18 5 92 2 32 45 75 45 57 79 73 95 80 61 61 28 40 72 12 64 51 70 7 15 56 45 72 19 90 13 80 90 39 94 13 74 52 69 95 61 44 1 41 95 24 74 13 51 10 72 82 5 6 94 47 95 21 85 4 30 98 0 37 92 16 37 47 52 81 71 56 71 
92 15 23 2 93 9 1 33 99 52 35 87 49 45 59 39 78 3 50 19 10 63 48 23 29 75 24 38 54 57 23 26 58 57 76 94 84 57 95 85 6 77 3 25 50 56 54 62 6 26 12 30 41 82 3 66 90 71 41 86 32 37 61 38 77 87 96 77 25 8 85 8 30 70 59 84 50 54 94 80 89 54 
38 50 61 18 32 93 96 3 0 46 87 13 84 27 33 24 46 88 52 90 89 33 74 52 70 33 21 86 62 26 43 13 17 61 8 62 65 53 41 45 81 40 47 87 73 55 39 36 71 87 81 97 21 84 15 79 77 2 2 78 74 99 13 41 93 42 47 82 92 13 60 69 11 37 23 30 5 15 58 33 58 50 
39 90 91 94 59 58 28 80 23 62 26 76 66 43 61 96 5 90 79 42 54 32 7 61 49 63 86 89 30 9 92 53 83 10 9 79 89 50 6 87 50 24 98 92 6 46 89 64 0 94 48 51 85 62 16 92 83 60 14 36 35 16 96 56 85 68 89 33 53 71 75 15 80 9 50 31 98 3 90 59 66 98 
18 80 76 99 39 46 89 15 43 69 14 4 71 19 0 56 33 71 36 56 44 44 92 22 86 90 40 38 92 7 52 71 88 22 27 82 76 59 89 62 71 91 78 59 81 85 98 70 72 90 45 94 13 58 56 62 2 53 63 18 66 37 14 48 52 60 71 40 34 87 13 87 93 30 23 53 64 84 41 78 2 40 
88 13 25 92 50 57 11 42 16 48 65 33 44 84 45 95 90 76 49 25 55 21 48 95 78 96 7 90 54 81 14 0 26 84 25 56 31 47 23 23 89 80 8 55 45 65 75 58 30 8 58 31 96 68 66 53 17 2 48 85 13 13 62 71 41 36 48 40 11 56 95 88 21 37 76 35 78 35 34 6 87 41 
88 11 59 9 94 57 58 39 75 3 61 4 49 24 63 33 79 34 94 4 63 92 28 64 12 20 63 64 45 21 0 78 12 46 75 86 7 22 61 65 73 17 44 77 71 16 84 58 45 80 15 24 79 75 54 84 25 96 0 97 98 98 25 77 10 29 55 41 79 13 69 90 50 35 36 40 48 54 86 20 55 7 
39 23 64 26 0 43 42 73 48 7 48 90 58 51 85 70 16 84 17 37 5 26 69 81 14 85 24 26 79 11 56 79 66 13 88 40 37 95 32 85 72 29 79 0 95 3 58 82 26 61 53 78 68 50 67 71 41 28 63 57 74 30 65 24 40 26 32 69 78 28 10 42 1 3 63 69 73 98 0 41 24 3 
63 57 51 70 15 81 95 34 9 38 28 18 14 46 60 42 69 62 45 3 29 42 88 77 88 99 79 4 7 7 12 15 91 17 40 10 69 75 90 62 22 10 72 63 42 49 68 21 29 90 8 4 40 83 0 51 38 9 62 25 97 63 88 67 45 90 94 17 75 56 15 79 18 72 22 0 85 57 62 80 38 22 
82 11 84 42 63 65 89 44 20 20 99 11 45 13 41 5 13 24 42 74 6 3 53 24 6 86 4 29 43 73 30 49 76 43 81 7 15 52 45 67 59 1 0 34 99 3 87 97 70 62 93 35 78 50 7 55 80 41 87 91 2 90 47 24 13 65 14 14 26 91 7 31 46 2 25 71 57 83 99 79 32 37 
17 84 53 22 56 48 69 76 65 49 73 78 95 22 45 68 88 42 36 82 77 54 10 57 25 67 85 48 21 14 27 98 5 10 41 52 92 92 84 24 10 76 38 49 52 75 48 61 26 69 95 69 84 95 70 87 78 7 29 11 65 35 12 76 87 15 19 85 48 66 18 32 59 25 34 7 84 56 3 92 72 86 
21 28 68 72 66 23 32 1 10 90 7 85 33 25 51 56 62 56 94 58 78 69 0 14 81 61 49 44 52 69 68 52 27 7 9 21 34 82 56 46 27 54 59 36 40 6 26 21 24 17 11 29 80 99 44 44 90 5 18 0 66 63 99 89 93 87 32 86 51 4 89 46 6 0 41 49 89 98 71 86 11 72 
87 50 88 98 8 39 14 41 78 11 6 35 87 95 27 34 3 4 92 12 12 81 33 71 93 95 98 42 95 42 24 73 67 86 70 9 91 15 78 60 67 45 10 12 52 47 60 30 95 43 21 7 17 67 81 3 4 63 1 18 42 43 83 16 41 52 43 37 98 67 63 18 76 43 37 43 57 89 77 94 65 33 
26 25 67 55 46 0 16 56 41 90 83 72 4 70 47 73 82 73 12 45 72 83 80 36 55 80 79 93 46 22 63 60 72 25 71 11 7 38 86 50 71 97 91 24 34 66 87 59 24 10 22 40 28 96 5 85 13 6 14 67 15 90 91 36 46 60 72 46 46 74 58 50 41 68 69 65 42 27 30 81 79 0 
36 15 42 43 58 77 50 55 17 71 76 7 31 24 72 50 2 11 1 38 13 51 45 18 61 57 80 91 73 20 1 31 56 92 27 14 91 48 38 76 56 45 36 23 1 76 95 46 78 23 17 68 5 58 99 28 61 97 84 86 63 19 53 18 45 29 83 76 96 15 1 0 12 48 44 12 19 1 78 73 84 31 
45 31 56 54 29 94 54 93 45 42 71 95 68 53 45 19 69 45 65 25 28 29 52 38 0 49 67 34 13 30 95 57 83 35 64 79 5 19 27 85 97 68 3 6 93 14 36 62 3 1 90 31 26 83 29 25 12 54 67 8 8 27 32 2 45 40 71 10 14 40 21 13 42 49 53 3 96 43 11 18 51 32 
79 64 83 44 19 23 63 87 69 74 20 45 98 62 8 91 59 34 33 13 47 29 40 16 63 7 21 29 82 35 30 43 56 96 52 78 85 66 6 65 40 60 32 67 10 5 20 10 90 0 60 53 66 45 93 89 20 73 45 59 88 45 71 56 81 96 31 13 12 23 53 18 59 47 12 83 12 67 16 11 82 99 
21 93 33 0 68 36 95 98 91 22 14 96 76 29 54 31 59 55 91 26 96 28 92 7 69 78 79 55 30 25 77 15 0 77 26 88 40 61 98 61 47 42 39 11 99 5 43 94 77 98 62 3 23 2 86 38 6 76 91 31 0 96 2 25 35 20 57 63 66 5 48 38 37 98 8 60 61 40 84 92 87 26 
59 22 57 76 57 54 95 84 69 77 7 72 4 53 0 83 99 11 33 78 9 18 90 79 20 21 54 54 70 70 76 61 3 31 59 10 72 95 16 91 28 7 71 45 49 21 90 34 84 42 75 98 25 44 9 37 96 16 9 24 95 10 8 49 69 74 33 52 85 76 18 36 17 15 91 28 84 75 93 28 99 1 
70 20 27 96 23 59 27 59 64 72 4 7 7 46 34 90 7 63 83 93 32 36 56 18 8 51 52 83 78 94 28 56 63 12 17 99 42 50 74 99 97 28 41 42 18 97 1 53 16 37 50 66 18 91 52 24 46 40 3 72 4 11 96 39 62 86 22 81 16 70 28 28 9 71 51 42 16 94 12 21 58 92 
74 93 61 44 94 45 65 90 32 94 59 65 23 26 63 66 50 0 56 90 94 18 72 89 24 40 78 97 75 0 43 27 23 27 43 17 57 9 25 61 3 2 8 90 60 21 41 93 5 27 47 23 99 29 9 34 9 62 18 37 47 8 88 6 21 86 30 95 58 92 93 41 28 43 77 26 88 72 30 58 27 87 
71 76 36 1 74 34 71 27 22 15 11 98 88 41 44 33 22 17 88 98 42 27 75 29 45 78 26 50 12 92 40 62 26 23 61 18 41 2 84 12 61 43 20 42 29 61 8 17 61 65 91 79 40 9 64 97 73 82 75 97 95 37 96 16 16 30 81 47 86 0 6 92 88 76 90 64 45 32 77 5 33 96 
9 42 83 81 11 87 90 30 2 99 17 85 7 3 67 85 52 54 99 62 79 24 14 91 52 92 93 64 27 66 46 85 48 97 83 62 96 93 65 45 72 21 4 86 34 70 73 21 15 1 78 7 53 39 39 15 94 2 44 0 11 2 2 53 32 26 91 32 91 34 42 64 72 72 81 85 99 82 77 54 42 54 
49 19 86 97 43 29 90 33 44 76 39 32 31 64 46 70 8 83 8 35 99 78 67 26 92 67 31 1 20 88 64 83 26 7 24 11 79 29 89 55 55 40 72 58 36 41 73 90 54 40 95 58 78 24 68 80 97 91 10 83 16 14 22 85 97 5 10 92 81 83 61 43 10 77 54 0 93 21 38 44 69 33 
76 54 98 42 20 66 47 25 49 15 79 53 35 28 40 79 7 56 92 62 42 0 29 89 22 10 47 72 28 5 72 56 19 48 63 24 55 92 36 77 94 97 97 28 0 16 77 75 21 48 81 91 83 59 36 42 10 1 37 85 20 9 88 20 1 43 86 25 60 97 18 67 34 46 56 21 16 97 5 95 23 84 
34 13 73 20 22 75 79 5 71 1 54 39 57 85 8 16 78 38 23 83 66 51 46 41 78 21 16 31 0 46 20 7 2 29 83 8 64 96 82 96 33 48 89 65 95 51 37 86 67 58 85 57 39 38 96 6 6 63 47 93 26 13 90 9 53 51 54 21 26 61 49 0 0 13 6 94 90 54 60 9 49 18 
58 54 87 59 25 26 92 97 2 93 50 14 56 34 96 22 93 20 8 50 86 65 67 89 28 37 97 62 6 14 25 66 25 15 24 69 46 44 41 92 44 89 58 42 62 19 94 11 37 28 10 11 23 54 94 32 99 96 81 88 69 44 62 9 43 57 75 18 9 53 4 91 86 55 76 66 64 84 63 10 94 91 
11 41 66 19 30 61 77 49 46 3 2 64 24 64 19 34 59 38 52 64 81 31 51 33 16 21 58 56 55 74 19 32 68 7 69 93 78 73 31 13 12 55 10 53 16 95 58 43 86 55 2 66 21 76 20 24 56 75 64 95 71 61 24 30 5 93 14 59 50 31 12 65 34 44 23 64 25 85 11 40 30 82 
58 13 27 5 29 88 34 72 74 54 14 36 54 55 46 43 79 30 71 33 13 71 69 78 63 83 51 35 71 17 84 8 2 60 71 24 57 17 8 44 24 76 24 18 13 37 30 17 90 65 11 97 73 92 85 25 4 53 30 97 97 14 84 92 56 20 97 78 85 63 3 24 50 97 6 17 40 77 62 59 14 8 
24 27 57 39 58 50 60 79 31 30 94 47 14 90 94 16 46 38 64 46 42 58 76 26 18 53 7 80 18 70 66 84 57 0 76 50 76 52 25 55 13 51 37 87 77 46 83 61 16 82 38 90 96 68 2 30 31 0 52 80 6 28 32 89 23 84 44 76 14 19 93 49 8 48 63 0 2 12 87 33 98 54 
56 35 80 69 60 46 82 28 80 38 50 59 19 33 41 15 17 41 97 7 75 72 85 36 92 0 69 77 61 27 33 28 30 64 31 97 58 97 53 77 9 82 85 2 15 30 39 20 84 44 41 72 90 72 18 0 6 33 14 31 83 92 59 86 55 91 49 20 72 39 47 61 35 67 60 93 51 76 85 44 9 50 
58 78 24 70 6 96 4 25 49 40 36 59 31 0 12 10 85 79 66 17 28 53 33 79 3 17 69 90 60 14 55 24 95 5 88 1 22 3 56 97 73 47 92 5 65 48 84 2 65 0 21 39 28 80 36 65 58 0 4 40 75 27 54 40 70 46 14 13 28 50 55 61 95 92 31 41 18 56 64 87 27 85 
63 7 44 12 88 92 24 28 68 83 78 47 91 51 1 36 85 27 78 73 0 57 91 63 17 55 93 88 56 26 4 45 53 39 67 70 87 2 67 4 57 26 46 10 10 69 21 83 11 22 23 95 79 65 77 44 54 12 70 78 82 80 40 28 56 31 6 62 60 29 29 88 87 61 82 55 50 66 61 31 95 19 
56 9 97 17 16 20 6 79 17 75 93 8 66 66 38 98 27 27 93 22 71 24 70 45 86 30 44 74 43 12 21 73 59 59 38 84 97 66 45 37 87 62 63 37 47 64 52 36 52 62 26 69 8 96 74 49 26 37 71 69 45 55 69 13 95 80 25 8 88 33 55 73 75 65 40 55 11 88 23 42 16 94 
56 95 74 68 55 50 3 66 16 50 48 46 67 38 52 57 19 12 65 51 88 31 73 97 57 34 58 16 33 47 80 97 19 46 87 65 93 83 48 50 10 95 28 79 83 20 75 13 15 59 64 91 36 56 90 54 66 73 56 34 32 39 63 49 66 90 80 22 36 65 13 44 6 66 88 5 69 12 7 33 26 26 
16 10 47 23 57 63 42 29 12 40 54 15 25 34 1 93 53 39 93 91 58 81 39 45 45 96 73 97 12 65 63 46 42 70 77 49 10 69 81 63 84 98 49 39 10 45 21 10 69 48 6 65 72 5 78 70 3 84 59 19 59 97 3 1 46 61 51 97 97 47 93 61 54 34 40 86 59 62 14 76 41 29 
8 96 38 11 2 86 66 1 51 27 98 84 54 28 8 66 11 7 15 63 39 40 14 9 54 68 66 92 95 77 49 6 55 51 89 40 32 73 6 56 85 25 31 75 7 99 75 33 2 72 83 66 81 76 2 68 57 25 6 37 33 47 49 20 52 18 3 72 28 59 66 92 26 16 30 53 38 98 52 78 80 35 
25 15 67 5 40 66 64 82 20 66 31 4 21 41 5 50 90 98 89 36 16 0 44 12 53 31 48 56 51 97 34 85 62 52 72 99 93 70 38 67 6 30 78 54 44 71 7 19 21 31 23 48 34 62 24 93 18 37 41 19 28 14 70 37 37 50 85 78 69 43 53 2 23 59 29 2 40 65 15 7 49 27 
