81
73 64 26 42 95 79 91 87 31 56 33 13 96 90 73 58 94 65 18 29 64 4 54 31 44 79 64 30 89 32 34 12 72 93 87 29 68 48 64 80 8 14 39 8 79 98 21 39 95 14 79 92 27 61 78 90 56 55 3 89 95 91 77 33 4 38 96 53 46 45 55 59 15 37 3 51 81 35 72 61 35 
88 94 55 30 79 28 88 31 43 53 17 6 83 3 38 57 55 21 85 31 17 58 34 64 30 96 25 61 60 92 18 14 97 55 80 57 42 9 58 18 5 26 62 65 49 86 40 11 61 75 55 84 44 74 71 55 92 23 63 40 8 37 1 64 29 14 25 3 93 45 19 38 35 75 13 24 5 20 61 66 23 
25 44 36 25 71 40 24 83 26 8 9 85 25 54 61 30 15 78 36 14 12 2 93 81 46 78 48 31 66 51 6 9 87 95 8 66 16 15 35 84 75 29 13 1 10 94 5 15 63 0 49 71 37 25 13 58 49 21 33 62 51 89 91 28 73 53 87 37 71 15 12 66 93 94 92 61 49 59 68 61 45 
63 14 6 45 92 8 18 80 93 78 36 81 51 45 28 8 14 79 55 14 25 99 97 9 39 48 41 38 19 27 94 14 75 78 81 12 17 20 38 13 95 60 44 18 49 49 23 15 17 48 53 73 63 24 86 74 7 80 9 73 64 92 46 65 47 66 25 30 17 84 21 90 2 66 93 67 67 5 92 19 11 
43 93 38 94 3 89 96 35 22 49 86 20 40 59 74 84 77 30 23 65 27 68 86 51 80 29 88 50 2 56 46 68 11 68 28 67 8 9 19 46 22 17 52 14 32 32 41 85 83 40 22 16 35 62 6 14 68 58 45 64 77 17 26 7 97 34 38 57 12 70 40 93 69 61 88 35 74 78 18 47 70 
67 8 21 7 27 37 66 31 81 49 23 60 30 70 25 77 94 5 40 85 12 85 28 51 9 2 57 43 95 74 46 87 15 73 22 27 52 99 93 52 86 41 34 56 44 43 46 30 58 85 12 16 36 21 43 7 24 37 26 40 95 68 66 85 55 96 51 62 60 72 52 97 97 89 13 90 10 39 57 1 49 
9 97 45 2 73 57 85 96 83 24 87 97 77 94 6 57 71 34 50 36 72 6 38 74 21 45 12 29 28 63 81 90 94 88 1 29 31 14 30 79 62 17 86 29 83 35 26 55 76 57 50 75 84 33 0 29 85 8 20 48 10 68 2 47 93 39 66 53 18 88 6 70 43 96 7 88 36 28 46 35 28 
22 18 85 19 86 46 94 48 12 64 51 95 27 41 78 39 44 50 90 34 37 44 38 81 17 88 57 71 22 73 7 15 3 74 79 58 44 49 48 3 83 38 67 93 25 30 60 87 46 23 49 16 70 37 89 30 97 55 48 69 37 60 44 9 23 42 4 32 60 65 53 30 27 60 83 23 29 36 74 96 5 
74 98 34 14 64 92 28 82 74 86 69 0 83 3 9 14 46 17 41 42 73 91 77 23 24 64 86 73 96 42 97 81 76 88 91 90 38 79 60 42 55 67 51 76 85 10 72 41 14 5 89 89 65 68 51 56 89 13 48 46 65 49 87 39 59 87 60 94 54 57 6 40 0 61 55 93 50 89 74 18 38 
80 84 66 86 62 73 32 58 70 55 35 24 59 10 61 65 4 83 29 21 8 46 55 92 2 10 35 36 14 91 43 70 95 91 65 92 46 3 80 33 92 47 10 49 55 49 69 1 70 3 12 51 23 99 54 86 62 15 97 96 64 74 22 34 69 41 25 42 96 1 81 97 26 38 60 47 39 54 38 66 45 
52 99 14 9 42 98 52 88 78 43 20 83 8 45 78 75 15 27 17 28 39 34 97 93 90 41 42 98 55 28 34 38 30 53 33 56 3 64 81 28 43 47 0 54 89 27 98 68 15 95 28 30 44 3 43 64 2 92 35 27 41 39 64 24 38 7 2 26 14 53 89 23 99 19 7 95 89 89 86 41 27 
84 92 98 25 64 50 24 71 46 13 32 3 79 3 84 99 12 21 76 59 24 12 0 57 11 14 84 60 93 51 45 99 19 96 48 98 53 50 11 67 90 25 67 3 85 81 21 90 74 63 71 89 76 41 92 14 85 20 70 53 41 31 68 21 64 33 55 27 87 63 60 72 77 79 17 59 71 97 4 45 71 
24 49 13 16 74 2 88 31 70 89 89 59 19 47 91 38 82 81 87 81 17 48 94 79 70 70 0 43 31 51 46 83 39 31 7 21 74 90 93 57 19 78 40 53 67 85 48 94 0 88 80 34 36 33 71 0 11 22 82 68 62 85 68 92 5 73 63 60 21 9 28 40 8 47 58 94 28 78 8 59 6 
22 60 20 72 91 85 39 33 77 89 70 16 7 48 7 45 58 0 2 15 14 98 84 81 92 79 34 52 79 76 90 45 85 44 78 13 45 87 32 88 71 84 29 56 24 45 79 7 48 7 17 12 18 29 41 33 71 6 94 37 11 39 15 77 46 47 85 39 63 41 81 70 56 0 6 6 85 39 42 61 10 
12 39 24 68 35 50 0 67 24 32 37 55 5 14 37 73 71 55 78 74 96 88 36 59 29 23 26 4 42 33 44 99 15 59 83 24 84 80 47 20 13 98 98 98 67 6 53 6 22 82 90 57 91 74 57 82 39 70 64 8 95 52 79 93 12 17 54 15 86 95 98 29 52 87 34 5 47 16 14 57 65 
60 43 16 70 82 54 83 74 18 52 26 61 38 8 6 38 53 23 76 3 10 32 56 59 67 67 3 51 35 36 86 32 35 1 44 22 29 82 16 37 43 46 37 68 40 51 99 78 88 47 24 50 46 97 19 64 34 43 40 15 89 42 32 30 2 72 69 65 59 75 83 89 33 98 70 12 53 73 56 16 9 
58 78 64 98 70 43 44 32 40 41 81 79 48 53 92 21 17 45 33 55 5 53 18 89 64 8 30 6 73 17 44 51 76 94 99 64 55 64 19 29 32 49 23 32 48 4 58 25 2 95 78 74 17 86 24 5 20 99 41 59 36 54 65 80 18 61 65 45 39 74 52 38 45 85 32 38 3 0 92 12 84 
12 42 24 34 34 82 7 43 20 33 48 62 87 4 51 54 10 30 92 7 41 9 86 34 0 65 74 91 18 98 28 28 34 3 88 73 41 53 6 51 38 35 88 98 96 1 45 93 22 52 79 70 37 56 9 38 74 41 39 12 18 55 52 0 92 16 99 90 15 49 26 65 46 98 43 0 45 32 16 52 64 
53 75 37 74 54 15 15 12 72 14 86 5 21 16 57 83 86 25 92 68 70 35 81 67 10 39 61 57 5 77 13 12 48 99 99 80 58 84 36 9 30 67 71 65 26 60 8 22 52 25 20 52 63 89 60 53 35 78 49 46 71 33 42 71 25 1 89 30 70 92 41 94 79 18 34 95 10 56 67 98 90 
96 29 30 98 16 20 9 6 29 63 30 75 55 89 1 97 94 15 90 12 8 82 70 72 78 5 58 3 85 80 70 24 26 91 43 13 25 62 82 58 51 67 94 69 67 40 68 11 25 63 30 33 27 19 93 56 39 24 24 63 85 89 82 67 34 56 8 73 19 99 57 35 93 83 50 65 57 17 94 75 64 
88 39 1 24 39 96 84 11 12 28 51 94 84 51 5 29 17 51 62 94 89 45 94 23 96 35 43 58 62 67 82 44 56 30 19 45 40 98 39 40 4 37 43 3 31 20 25 90 48 93 71 74 58 90 14 0 45 11 54 44 89 18 67 48 79 97 77 53 57 72 9 87 97 29 19 84 36 98 80 83 41 
58 37 43 12 73 51 9 55 3 91 65 52 7 6 5 18 45 41 89 98 73 46 31 91 10 58 1 94 52 0 38 64 86 16 13 29 17 33 38 65 94 78 31 81 15 83 95 5 86 12 63 75 41 98 81 41 61 10 58 8 6 36 55 71 13 96 29 59 51 65 86 97 46 90 36 10 97 35 33 39 15 
70 25 53 77 34 21 16 79 49 80 72 65 52 47 93 15 33 22 88 26 10 94 15 34 57 40 38 54 24 0 17 22 10 62 14 64 57 54 51 26 79 66 93 16 9 30 52 72 34 47 70 86 48 22 32 5 73 29 97 96 1 36 18 58 45 18 75 27 40 85 70 39 74 56 86 52 25 72 28 67 32 
54 71 44 44 25 3 9 3 52 66 98 75 52 91 54 99 5 56 49 57 98 7 50 40 42 81 0 3 28 66 54 19 23 74 8 49 56 65 48 47 62 31 70 36 49 23 96 20 15 41 98 46 32 23 50 91 48 65 21 12 91 89 19 43 4 2 16 27 7 66 83 88 90 75 40 35 3 35 78 0 52 
58 43 55 40 93 29 80 22 14 57 54 76 34 23 35 26 9 74 82 53 37 86 12 99 30 52 0 57 94 41 46 93 44 52 18 1 86 58 62 20 52 39 28 68 53 51 57 38 26 94 87 75 62 30 57 35 28 51 92 28 53 38 51 9 21 39 81 69 13 84 88 23 87 28 22 7 1 17 43 31 29 
91 61 57 34 81 88 30 25 73 66 76 19 3 91 11 66 14 91 14 60 29 45 34 7 62 64 29 15 6 50 61 66 33 28 14 49 79 32 38 97 84 78 32 77 29 6 5 56 41 36 60 95 59 90 17 64 13 39 57 86 42 89 4 4 93 52 63 58 26 15 89 16 99 20 45 66 40 56 47 21 31 
69 76 23 39 47 12 42 4 34 36 99 17 54 60 85 58 34 7 46 93 51 13 70 95 21 79 51 71 20 55 94 36 49 78 39 13 19 87 65 71 22 77 21 34 95 42 48 40 37 12 64 48 65 40 87 38 88 85 88 92 63 18 40 21 96 66 52 86 24 27 9 87 45 89 76 55 37 48 65 92 90 
7 89 18 41 69 3 80 69 24 96 34 93 69 81 93 51 23 94 56 20 42 2 7 89 20 58 31 91 88 44 74 39 79 52 96 98 44 18 47 97 11 75 68 97 39 95 5 88 70 48 11 68 38 88 87 81 37 65 21 11 85 93 84 62 70 74 39 38 85 8 18 67 16 66 36 13 88 44 16 57 62 
78 89 84 34 95 84 6 21 89 55 39 87 96 85 58 41 78 21 59 5 25 18 27 20 77 36 19 20 18 82 14 29 62 77 27 46 63 70 87 92 75 19 96 90 13 26 48 35 21 67 74 67 94 81 13 54 83 93 28 19 75 4 21 4 29 86 34 90 33 11 80 5 34 10 30 82 33 45 23 42 26 
49 62 58 57 63 6 76 49 51 84 54 33 41 56 6 53 18 18 14 91 46 85 73 71 84 85 0 94 45 27 35 58 55 89 40 11 59 9 23 78 50 22 87 71 41 86 49 54 55 88 75 62 8 71 8 70 45 32 46 77 3 4 37 89 25 9 56 48 9 74 23 35 18 32 84 12 5 80 62 99 43 
75 95 86 39 29 45 98 69 37 38 50 2 79 18 6 67 83 31 29 29 34 19 39 95 12 12 38 29 13 88 5 36 70 92 20 22 67 37 59 20 74 47 33 95 90 31 65 20 43 19 56 81 20 52 87 81 71 63 28 12 49 92 15 55 80 21 26 74 49 76 74 50 27 69 35 9 72 15 31 18 48 
97 3 22 20 5 90 68 32 69 66 38 12 34 54 48 42 10 50 34 20 77 99 90 2 9 82 4 74 47 20 92 0 54 76 10 54 75 41 27 49 63 36 51 82 77 54 95 47 16 14 7 31 65 33 90 57 29 91 93 50 47 15 21 57 73 24 64 67 74 7 4 24 47 93 32 92 47 33 4 41 93 
68 32 94 40 16 60 5 51 83 3 7 46 53 70 92 74 52 85 26 77 89 49 26 83 3 5 45 5 34 71 18 7 50 33 34 73 98 65 82 50 16 55 93 62 25 43 61 29 18 52 27 65 67 68 91 94 13 93 74 22 99 39 91 64 46 91 78 73 56 86 88 29 47 40 53 60 88 96 63 95 32 
53 82 70 91 11 94 8 7 64 74 80 72 26 76 54 70 17 42 68 49 69 94 86 37 46 37 11 57 38 7 86 9 45 44 12 44 15 57 29 73 14 49 67 42 46 17 48 44 88 6 41 98 43 70 37 28 2 24 97 9 30 70 84 40 76 96 58 24 48 38 29 7 96 99 29 97 57 65 99 46 59 
63 37 66 40 26 44 46 56 55 30 91 75 13 59 99 0 79 80 92 6 58 76 41 98 32 0 76 33 70 61 38 46 48 15 58 76 82 33 1 30 12 40 76 64 3 73 57 20 47 12 63 9 40 27 51 87 37 40 35 91 30 11 99 90 9 4 25 3 8 90 11 58 98 77 51 41 58 94 65 33 50 
96 1 44 10 61 85 31 49 47 20 27 22 86 17 74 59 84 93 76 54 17 39 52 45 29 97 49 36 36 25 85 87 80 59 69 46 78 75 79 97 35 68 93 61 13 75 87 49 63 70 29 98 9 84 35 5 34 34 42 79 76 4 91 3 50 61 59 89 46 18 6 43 28 61 61 20 76 75 40 87 0 
17 8 70 26 16 27 43 46 61 50 87 79 98 12 49 80 46 57 59 45 96 84 45 84 35 11 8 55 32 26 41 28 26 87 18 77 78 89 22 77 50 42 86 8 46 91 77 98 51 72 72 16 54 14 59 69 77 7 7 62 58 27 48 78 96 20 84 44 53 4 47 60 74 86 86 94 74 1 19 66 91 
41 75 73 24 15 79 7 12 52 45 58 37 26 95 43 99 88 2 9 55 92 32 7 77 38 96 35 49 5 32 58 55 14 81 46 67 52 63 15 52 28 96 38 61 48 10 19 28 80 13 11 59 42 55 38 38 54 0 67 71 75 83 70 23 28 6 50 85 8 78 69 47 13 22 73 30 31 78 50 23 10 
5 98 33 33 3 88 25 10 10 44 68 24 4 72 5 47 14 41 27 88 4 77 36 93 64 25 4 59 53 71 7 26 62 14 37 86 77 14 99 58 89 12 24 87 27 38 16 79 84 31 6 79 98 42 61 82 46 93 7 23 13 67 21 14 35 83 91 80 40 4 56 82 19 73 71 33 5 28 58 72 58 
48 48 85 15 61 34 53 52 46 7 7 14 45 40 73 45 77 50 16 96 37 3 97 10 5 53 61 49 35 87 29 14 65 18 75 91 30 8 82 49 38 92 88 2 98 33 47 84 77 4 1 53 70 37 97 22 75 6 35 51 47 4 20 85 12 77 96 87 80 95 81 38 15 94 21 19 86 35 35 48 22 
72 55 88 50 21 80 33 91 22 8 88 16 61 83 50 3 11 56 33 12 2 58 63 91 49 90 97 84 51 39 32 47 82 11 48 18 32 52 97 61 70 59 91 37 89 36 7 61 78 20 3 77 17 21 68 72 89 80 26 17 36 9 58 74 59 84 69 22 74 31 75 90 40 5 60 3 28 1 74 98 61 
28 69 92 97 97 0 9 46 27 52 21 27 14 4 23 65 18 11 86 17 42 91 85 9 5 99 50 36 99 36 42 51 66 41 57 14 4 89 22 37 33 62 99 91 71 59 68 73 26 35 49 44 73 53 85 37 87 21 85 54 27 5 82 14 81 9 12 99 32 61 88 68 69 20 0 29 30 50 51 39 40 
72 24 69 84 72 12 65 76 45 61 36 67 20 84 76 78 28 32 5 75 61 73 88 32 39 80 61 88 39 14 99 46 38 6 16 23 78 1 95 95 63 69 54 52 34 50 87 63 99 74 11 39 80 43 65 92 34 54 26 5 80 79 69 19 66 52 38 22 41 33 92 57 48 46 11 85 24 47 22 84 65 
17 38 77 16 57 44 44 81 83 8 36 54 25 25 48 99 90 67 92 34 62 5 41 62 44 64 8 79 7 81 95 2 86 69 17 63 99 99 49 64 11 60 31 65 88 80 27 73 56 66 23 8 45 92 8 28 99 73 12 86 18 7 91 54 73 73 59 50 45 56 46 56 97 90 89 64 24 92 0 53 77 
27 57 8 7 54 88 99 26 64 64 32 77 42 53 81 57 81 19 13 99 57 68 40 18 13 37 41 42 66 49 57 9 43 80 39 7 44 80 85 21 48 82 40 90 89 59 60 63 22 89 51 89 0 62 29 78 65 9 70 84 47 13 95 94 50 86 39 9 28 41 25 30 11 92 39 75 68 73 10 63 64 
45 81 68 71 52 25 24 16 11 48 52 97 13 79 94 83 60 92 85 12 25 19 63 33 16 77 71 95 77 12 17 54 23 64 75 4 43 18 57 63 12 82 65 66 39 3 14 51 30 64 76 70 40 15 97 35 36 33 94 38 54 41 72 16 94 33 50 69 46 11 33 21 49 58 55 48 47 57 57 73 40 
45 84 68 93 94 7 37 21 53 48 37 1 21 80 11 52 99 73 0 70 73 31 19 88 18 22 85 80 96 96 46 34 0 39 45 36 11 46 54 55 27 45 80 88 72 35 39 47 61 88 7 30 30 52 88 54 23 47 43 34 52 95 13 32 13 75 8 18 30 10 50 58 32 66 19 15 74 83 99 0 70 
15 16 58 56 39 14 79 9 28 48 45 90 93 15 46 24 30 75 10 88 18 90 22 75 81 98 41 48 84 67 91 79 91 94 95 3 70 45 98 91 83 98 3 65 39 44 40 40 88 1 29 32 23 78 27 2 20 77 38 77 72 12 93 80 39 9 93 53 26 82 33 15 3 15 49 33 33 74 49 62 51 
2 22 30 9 13 84 47 2 56 94 14 97 30 68 68 42 16 58 48 90 92 59 35 92 93 97 43 70 12 15 2 80 85 21 19 15 24 3 55 55 63 59 65 63 64 72 21 26 37 52 19 52 84 15 12 54 30 42 34 99 4 4 56 12 20 99 77 26 78 38 54 99 74 70 24 24 55 23 33 91 67 
79 94 21 34 50 30 5 97 93 90 24 70 81 20 93 46 39 26 58 52 51 28 83 6 29 75 89 78 52 57 19 10 22 10 72 89 69 28 90 2 29 71 28 51 58 21 89 79 13 62 66 45 68 56 5 89 83 80 73 42 43 28 27 6 37 10 47 13 86 59 84 96 98 62 80 23 71 80 51 27 74 
3 71 46 38 3 63 72 61 77 26 38 3 84 40 39 40 74 71 11 10 3 82 57 29 46 19 33 56 41 32 38 54 43 33 46 45 13 92 36 46 65 17 3 18 99 5 17 33 3 39 11 33 72 30 68 42 99 91 46 73 83 42 88 71 1 43 46 69 70 44 3 99 76 18 25 78 86 38 7 85 40 
77 32 71 10 51 41 11 17 17 61 70 56 47 33 64 66 38 21 42 57 3 18 6 95 52 11 52 17 99 32 78 69 90 15 48 20 46 72 42 41 4 6 43 38 81 93 2 29 2 84 76 16 13 50 94 25 80 65 84 36 20 57 55 82 13 3 8 76 9 89 39 82 30 27 95 70 82 80 47 66 58 
23 6 81 39 25 56 94 25 8 18 6 85 71 29 8 63 93 18 75 6 40 37 41 8 65 28 24 37 38 95 81 99 37 78 48 12 85 47 87 1 11 70 56 79 26 19 2 88 40 72 88 15 13 80 36 42 91 0 75 78 99 84 2 49 62 43 79 43 28 4 66 74 36 20 50 41 42 58 12 7 29 
8 50 46 12 13 1 83 14 49 25 57 71 33 70 15 99 96 17 70 64 65 77 16 68 36 56 63 59 76 2 25 11 48 40 98 45 19 67 64 49 97 28 87 38 51 0 26 44 22 61 24 11 21 88 72 17 86 89 33 53 0 1 14 79 34 87 67 36 63 11 72 6 57 13 66 36 60 69 61 56 90 
60 42 7 73 9 86 75 81 67 99 68 36 48 21 44 95 59 86 41 96 12 68 97 25 4 0 90 68 92 57 96 90 73 22 6 20 10 54 9 51 16 9 37 4 32 11 79 27 60 97 84 46 10 48 67 81 96 76 30 58 17 66 31 91 94 58 94 95 54 43 32 98 5 60 78 40 15 12 56 14 73 
94 57 94 5 12 71 29 38 26 29 46 96 28 22 85 77 40 90 81 30 25 11 31 81 6 88 57 59 59 22 92 87 12 80 63 54 79 50 17 42 50 8 25 97 6 80 76 55 94 14 42 13 46 95 99 78 17 8 87 27 97 65 9 22 43 82 54 67 37 40 76 20 9 53 54 81 93 2 39 0 99 
93 67 63 72 39 80 74 56 68 56 80 58 50 49 46 23 37 98 99 4 28 96 96 45 21 69 67 56 19 64 44 8 85 27 52 8 76 75 22 59 82 66 28 77 9 79 47 16 78 39 87 38 59 75 49 76 5 95 64 72 28 14 98 39 81 11 32 37 17 76 50 35 56 9 57 15 53 1 76 35 6 
10 93 24 64 51 68 49 7 75 98 1 44 16 48 6 37 66 96 68 75 7 93 42 95 52 99 16 83 65 18 2 39 14 24 29 51 42 49 80 69 50 55 87 28 76 20 99 81 60 87 57 73 15 85 78 36 87 92 87 26 61 13 3 46 60 80 58 34 61 96 45 33 15 51 9 32 20 59 76 49 62 
46 43 36 86 16 17 6 27 98 97 18 3 17 29 20 99 70 79 38 52 68 24 45 23 32 11 71 61 44 48 89 87 48 67 52 31 35 65 32 39 80 66 9 96 17 56 95 75 80 15 22 87 43 78 24 44 20 71 29 43 28 79 4 4 49 33 20 17 53 17 64 40 51 53 64 52 74 76 5 17 69 
59 27 46 99 30 1 9 54 51 71 14 28 29 68 20 1 12 84 41 56 17 0 29 46 47 58 27 28 94 16 92 58 15 20 53 37 39 82 31 42 0 89 62 61 47 13 63 72 41 82 56 90 6 74 66 33 7 81 73 75 92 18 65 21 10 82 92 60 31 73 73 65 17 18 95 62 76 93 14 79 76 
35 4 96 86 1 68 84 47 61 46 71 20 89 55 25 77 40 38 2 9 32 84 30 39 30 85 30 55 37 9 69 56 13 78 70 35 20 75 63 29 95 82 35 77 67 2 62 8 36 65 97 22 50 38 85 70 3 35 48 26 13 58 75 6 88 50 31 88 69 33 71 37 90 40 92 27 87 31 92 90 94 
51 14 72 27 54 78 41 94 43 53 40 29 39 23 42 51 8 49 25 87 72 23 88 23 2 22 74 24 33 48 96 79 90 33 81 95 37 30 25 74 11 73 18 61 36 99 43 23 44 90 22 2 76 72 90 90 38 37 2 36 85 41 66 39 88 13 31 49 82 92 6 40 57 91 10 49 76 79 6 91 5 
19 43 10 0 20 47 50 89 8 80 58 30 12 47 5 2 87 28 55 30 37 75 43 87 65 22 74 91 13 99 76 53 20 69 63 52 25 86 47 12 49 26 26 17 11 16 69 32 76 39 12 40 15 73 60 98 45 20 18 58 23 57 73 67 28 58 28 44 39 91 74 73 18 6 19 37 60 9 64 2 69 
41 56 24 4 12 58 10 52 14 94 20 64 17 83 78 72 44 35 22 92 40 63 85 40 71 43 14 78 57 86 40 9 4 27 87 75 39 67 71 70 71 55 69 32 99 69 39 28 98 55 63 26 83 21 84 50 73 9 9 26 85 46 46 11 81 45 24 45 31 91 29 74 95 27 10 0 30 32 59 0 64 
8 1 48 81 49 74 6 56 93 61 79 0 29 64 98 37 74 44 48 83 79 4 1 55 71 63 87 15 44 48 32 83 62 19 6 29 98 34 14 41 95 54 25 16 46 85 79 27 46 26 46 29 30 60 80 65 76 62 73 89 20 67 23 81 58 22 65 48 61 10 23 38 79 69 20 82 62 67 26 75 57 
22 67 99 73 64 8 71 16 49 87 30 20 84 70 84 18 29 12 58 93 81 9 25 49 49 37 85 80 16 98 37 87 85 53 21 0 78 12 84 57 52 79 47 77 87 45 66 95 81 79 6 87 66 87 85 81 15 63 31 69 58 36 21 89 30 70 48 6 16 78 16 57 54 39 31 7 55 28 17 93 32 
15 5 62 50 94 62 79 94 38 65 28 3 29 52 89 94 5 28 72 24 24 75 78 19 39 72 5 42 47 24 84 61 42 3 51 50 87 80 23 87 62 15 86 48 43 28 76 16 35 21 41 56 44 57 47 84 9 99 0 3 89 7 40 54 18 24 29 4 3 87 57 5 8 8 66 1 10 79 46 68 34 
22 57 53 46 94 63 68 7 43 27 97 23 7 18 3 19 23 65 93 17 40 21 48 83 44 13 54 8 16 75 51 92 12 86 11 8 99 72 52 72 1 79 78 81 46 60 96 31 92 19 85 71 86 19 1 87 17 43 7 79 31 56 52 85 14 1 22 76 23 13 23 93 41 95 8 6 90 47 62 16 13 
70 40 23 32 72 19 65 41 7 76 24 92 11 60 95 53 53 38 35 46 57 25 45 51 28 20 4 10 8 97 85 48 82 90 27 96 14 23 56 97 25 4 75 28 77 86 92 45 99 19 17 4 58 51 28 82 25 46 77 70 41 51 99 5 60 3 51 70 34 8 96 64 90 25 79 77 51 63 3 22 22 
44 98 25 83 20 14 79 19 78 98 66 91 71 21 74 36 6 9 80 40 38 18 71 18 41 34 57 67 77 12 51 11 15 97 61 84 49 11 65 69 80 63 18 91 66 95 32 45 73 59 3 37 14 24 2 8 86 54 7 43 39 28 41 21 18 52 85 64 25 32 9 4 56 43 30 95 2 37 98 32 14 
74 48 7 31 52 48 21 50 76 3 33 90 86 67 2 31 29 67 69 44 72 91 27 74 20 99 41 58 40 18 4 50 86 42 84 94 46 31 64 66 16 37 23 93 38 62 62 80 4 93 94 27 40 10 67 49 60 96 55 71 50 17 14 82 31 61 2 46 36 60 70 90 69 85 83 5 45 18 90 6 51 
30 31 45 19 35 0 87 64 93 23 92 6 59 21 84 45 29 42 83 84 74 2 22 32 20 87 44 34 98 58 25 16 6 44 7 17 50 97 78 27 58 64 62 29 19 10 53 87 34 77 94 53 7 29 14 93 69 62 29 93 7 1 37 28 86 93 24 86 86 18 4 71 51 9 28 69 2 16 29 74 68 
73 34 75 87 62 94 56 27 3 17 82 29 71 50 91 96 34 84 90 12 64 47 14 84 12 11 65 20 68 20 98 8 40 72 91 72 58 66 29 60 68 19 94 80 1 32 1 14 47 44 6 0 27 12 85 38 72 65 13 0 45 2 90 89 89 71 52 0 48 9 3 55 68 52 8 7 59 39 50 43 20 
39 61 41 62 99 68 44 20 41 30 71 24 22 40 70 67 96 46 91 21 29 96 57 62 27 20 22 68 66 61 54 98 10 36 8 38 92 47 9 10 96 30 8 68 22 78 93 8 49 6 15 97 88 13 24 48 24 50 27 5 91 3 30 19 44 29 65 22 47 69 67 13 96 36 72 6 12 93 66 71 89 
75 90 82 4 61 14 77 52 75 68 57 65 36 96 60 34 46 51 91 88 15 82 33 77 37 67 26 90 8 51 91 29 57 76 79 19 55 9 53 34 42 81 77 47 95 21 81 50 11 75 72 15 49 52 14 90 15 57 35 22 29 89 34 99 28 31 38 74 18 63 84 50 63 72 40 26 90 70 18 43 26 
57 70 15 95 86 20 7 5 29 73 97 58 65 27 19 85 4 44 41 7 15 14 93 35 39 91 42 7 37 44 90 69 84 16 34 72 33 6 17 43 16 1 43 24 62 2 60 39 22 44 16 6 22 79 19 85 26 45 95 23 64 1 82 55 49 3 98 53 64 70 71 57 57 83 41 3 92 86 26 22 31 
34 99 99 74 67 87 1 18 43 41 70 38 70 52 64 56 90 57 70 75 91 25 0 65 86 32 19 55 93 26 66 96 67 30 13 12 78 29 35 67 89 48 3 96 16 98 17 64 2 17 91 38 41 40 71 80 55 51 55 39 30 63 60 5 67 49 5 1 64 1 36 13 1 88 39 84 89 99 17 58 99 
91 56 17 36 7 27 1 21 65 4 48 69 66 15 85 33 31 35 68 33 84 63 27 62 41 90 83 47 8 8 17 28 11 36 40 25 47 90 77 49 30 50 99 90 81 72 61 26 82 67 25 85 98 80 70 54 2 48 2 48 12 27 14 1 81 84 36 98 91 94 88 26 9 17 71 69 71 9 80 65 8 
89 12 96 78 64 50 58 33 41 12 22 64 76 45 63 5 24 12 0 16 66 38 21 56 89 84 58 54 88 44 3 10 12 57 62 60 10 50 85 8 40 57 27 55 57 82 30 63 32 20 95 65 3 86 1 9 41 30 49 70 72 34 99 37 49 97 11 76 50 71 79 37 15 81 25 93 2 60 53 87 36 
48 51 46 40 88 19 1 54 77 86 27 98 57 26 67 48 46 83 11 20 28 41 6 3 0 30 71 81 68 36 20 87 0 72 36 65 66 86 33 28 85 49 70 97 87 44 61 89 62 51 61 69 67 31 92 91 31 44 0 8 61 49 52 86 68 91 78 6 66 99 55 86 91 54 39 53 13 28 19 59 88 
81 73 44 29 36 71 38 68 66 29 50 92 1 29 13 9 26 28 80 16 30 76 78 1 58 92 82 50 78 33 48 80 38 71 5 53 21 27 63 73 63 65 72 9 75 16 96 49 90 3 22 30 10 20 18 53 91 32 81 99 39 30 26 34 3 60 17 57 97 60 47 53 5 8 5 80 48 74 6 82 8 
