43
43 22 35 14 84 89 48 7 32 4 14 27 44 72 40 36 10 82 79 27 66 63 97 27 77 15 3 32 21 65 96 51 61 83 64 45 89 96 95 54 11 69 22 
51 74 80 4 19 28 64 71 55 11 17 25 37 21 19 22 20 8 51 16 99 1 54 71 31 89 71 40 75 70 84 52 99 44 65 14 25 47 89 29 57 90 61 
9 70 70 47 97 54 49 32 98 40 67 2 78 49 63 2 71 94 7 78 89 36 65 95 23 98 2 49 11 16 0 76 76 4 73 31 0 47 28 28 76 6 47 
8 95 71 3 57 52 55 11 94 56 62 66 90 47 2 33 1 40 41 8 28 95 94 64 88 24 47 72 34 74 1 58 35 61 73 50 3 7 83 11 88 65 17 
18 57 10 85 35 28 12 72 23 54 50 28 20 49 91 77 21 92 42 93 78 95 77 86 52 26 63 9 21 45 64 48 86 38 79 63 26 67 76 20 32 66 73 
35 50 15 51 14 4 89 62 66 84 65 85 78 24 24 49 85 39 96 82 84 93 55 83 89 49 33 2 90 33 91 96 97 52 45 76 34 21 20 47 89 9 24 
91 59 3 62 37 59 27 46 82 28 72 54 94 81 44 90 45 30 14 67 50 36 32 87 84 88 35 18 29 49 99 65 51 67 40 21 87 11 7 14 60 53 78 
57 68 9 7 19 66 24 60 73 4 98 24 26 77 97 91 88 84 46 55 95 27 91 91 31 90 37 25 93 72 19 84 9 97 28 58 51 23 79 90 88 82 89 
70 9 86 29 80 60 71 60 22 15 69 26 42 9 12 30 95 98 75 45 46 74 92 6 13 27 15 15 73 14 76 40 9 81 92 87 19 51 40 31 54 11 16 
1 78 39 95 88 4 97 8 48 35 44 66 28 4 66 30 82 21 17 97 64 72 65 5 36 91 57 57 99 85 54 77 80 58 44 96 9 35 91 96 40 12 75 
79 24 43 12 73 30 17 75 3 27 97 89 71 95 53 26 3 13 70 41 18 78 4 6 82 76 78 3 89 40 56 11 19 20 6 82 18 15 18 46 32 74 71 
62 74 14 44 82 89 56 32 14 45 12 16 28 83 53 88 37 21 41 23 16 73 31 5 36 71 23 47 63 56 30 69 47 24 50 13 32 84 79 89 57 78 70 
55 89 73 64 36 82 7 3 86 93 19 69 16 68 80 32 96 74 85 86 77 85 55 10 8 10 33 68 79 5 75 31 72 11 85 70 60 50 4 89 41 36 7 
30 99 68 68 94 91 59 45 58 26 7 26 68 12 58 2 43 8 70 22 0 0 80 39 5 51 35 11 36 31 79 18 62 2 80 62 83 41 70 65 54 88 61 
14 57 65 6 51 6 55 61 78 81 99 17 50 35 57 92 52 12 5 16 51 65 66 51 5 92 69 66 29 98 79 68 93 40 76 28 14 34 3 1 7 77 40 
99 71 91 98 54 71 56 50 97 52 4 77 29 94 52 72 81 29 63 75 44 53 91 57 89 53 48 70 58 94 25 39 92 87 73 70 79 77 65 39 91 11 62 
96 39 59 37 13 53 1 8 15 99 17 71 59 41 85 35 75 37 42 4 65 25 67 21 93 50 36 11 52 58 1 66 51 68 79 72 90 72 52 80 49 7 46 
11 82 88 62 95 86 97 95 36 18 26 54 12 63 32 35 97 35 90 45 50 23 20 74 45 75 68 23 81 56 52 23 29 31 62 96 48 19 67 90 99 21 66 
23 76 88 48 23 44 63 39 61 26 86 92 97 75 65 70 90 74 92 45 48 66 54 19 78 66 18 70 45 45 27 39 13 35 28 3 34 24 46 69 43 92 6 
48 83 27 67 19 44 20 45 6 13 9 10 87 33 50 79 83 34 27 99 56 89 8 31 84 35 80 36 84 24 33 81 42 72 17 10 25 79 49 84 92 63 11 
36 86 77 42 66 37 9 69 6 96 35 47 49 51 54 17 86 75 12 74 89 24 73 52 94 9 49 23 87 14 9 20 87 7 74 40 47 76 8 59 79 57 94 
88 34 17 88 55 52 4 75 22 40 86 0 29 2 70 67 24 59 8 23 99 24 68 59 87 54 17 89 80 51 85 31 19 82 97 32 49 1 61 36 97 16 59 
20 11 70 90 1 26 12 11 78 61 26 55 98 15 43 15 72 69 89 73 23 80 17 16 50 48 53 32 8 63 91 43 94 7 12 16 94 56 14 15 80 22 46 
53 1 60 82 82 19 53 74 77 52 24 91 77 6 59 94 19 79 16 15 87 43 45 77 28 31 30 85 94 35 37 12 87 5 94 35 19 24 65 22 93 14 10 
45 89 97 67 65 67 41 33 82 42 76 29 55 89 40 93 46 54 63 24 83 3 89 22 38 30 26 13 87 29 15 50 5 58 78 76 68 72 34 48 30 41 57 
50 50 24 85 3 43 55 50 68 83 50 43 26 3 66 53 29 28 65 69 56 40 39 69 58 7 18 49 11 14 75 8 32 69 38 90 58 17 4 42 64 85 44 
61 12 26 99 86 60 39 61 93 68 39 89 79 56 33 33 87 77 41 52 47 25 69 9 2 89 37 81 78 14 5 56 56 31 24 29 28 95 4 61 19 50 60 
86 58 23 43 81 64 10 13 69 61 47 13 14 51 96 29 15 15 14 66 76 92 39 7 61 71 45 16 88 74 63 56 74 0 34 16 69 92 38 65 45 6 3 
18 93 35 31 86 65 92 17 12 15 32 73 12 19 19 35 55 92 56 98 20 32 89 2 9 91 38 50 53 77 7 8 24 38 94 26 17 92 93 43 0 40 14 
75 96 30 37 9 56 75 7 39 30 48 51 27 94 37 71 12 49 56 74 15 93 25 42 10 4 79 82 8 78 21 32 51 89 98 64 66 12 86 84 98 52 59 
72 17 98 85 51 22 85 66 74 56 52 62 49 53 85 58 8 35 45 32 47 23 28 55 24 39 30 41 99 67 76 92 4 71 37 73 58 75 52 68 12 54 99 
80 0 93 22 66 17 69 18 26 62 77 90 30 22 88 71 89 23 86 56 27 77 73 4 78 12 27 44 89 66 18 38 61 15 57 93 22 84 94 4 64 23 40 
89 19 89 36 82 36 33 56 86 13 21 49 7 48 68 62 60 94 7 24 70 83 14 97 85 83 18 5 84 8 72 1 3 97 45 32 84 51 25 35 28 94 43 
33 41 43 91 16 56 98 35 3 75 16 80 29 97 56 13 7 21 43 46 26 46 60 22 92 28 73 47 45 41 96 39 94 78 47 17 97 44 81 23 56 56 26 
95 1 7 61 44 43 4 44 61 61 20 49 77 75 19 12 15 17 88 33 86 39 51 24 90 62 57 32 73 39 46 90 17 82 78 87 47 3 84 61 48 72 11 
83 57 86 68 87 8 39 63 57 11 1 68 34 33 90 45 86 83 99 52 68 54 99 45 89 94 33 90 25 89 29 81 2 50 9 88 69 28 39 85 87 90 16 
4 37 4 21 89 64 21 49 26 76 20 7 50 56 58 49 34 8 22 79 41 11 61 79 27 76 85 26 14 71 68 47 20 8 29 31 13 93 98 53 18 74 65 
84 28 43 66 56 7 49 20 2 10 77 92 73 16 30 67 18 93 54 71 71 91 49 12 72 89 66 77 22 49 54 71 70 63 34 99 42 93 9 95 75 26 77 
17 91 75 96 40 33 56 95 85 36 70 2 47 8 13 9 17 89 37 92 15 71 95 82 80 59 1 5 54 48 84 58 60 60 49 51 86 46 2 15 14 65 76 
64 24 12 58 21 35 50 74 55 16 84 39 3 92 14 51 43 42 3 71 96 3 73 98 85 22 25 43 77 20 91 50 7 61 95 98 71 29 64 56 65 97 62 
57 67 14 43 10 96 39 43 89 8 20 18 65 19 48 94 35 5 97 90 83 80 32 17 74 70 14 32 25 8 93 88 44 44 11 8 66 96 89 83 57 74 79 
6 2 8 0 98 50 0 8 73 76 49 93 74 75 7 54 46 12 34 45 82 68 82 5 15 44 95 88 34 19 4 6 26 78 78 97 51 52 57 62 13 68 38 
90 10 43 0 70 37 39 21 33 88 13 52 47 61 84 41 43 61 87 20 99 41 93 80 8 71 25 65 18 97 88 81 37 9 63 16 49 70 58 78 92 38 99 
