19
79 27 11 47 11 65 60 77 24 84 10 69 71 61 84 75 30 32 82 
6 27 38 36 53 55 25 91 16 0 47 26 25 54 3 43 41 54 62 
84 97 93 54 9 15 59 45 5 70 55 29 81 75 71 47 74 44 58 
86 18 15 10 70 77 77 69 23 5 2 96 5 92 73 59 84 57 92 
36 33 78 29 10 76 41 24 50 60 69 98 64 75 99 27 8 83 42 
56 45 18 84 71 8 57 28 65 46 59 84 19 51 55 81 97 2 80 
42 28 11 54 94 6 33 89 94 23 1 36 15 15 76 72 97 15 59 
52 60 22 42 47 4 74 24 24 28 11 85 93 89 36 78 43 70 64 
65 34 92 76 58 46 2 77 43 82 58 48 44 72 72 27 82 6 32 
18 86 32 64 66 82 84 37 35 40 0 70 12 56 41 63 78 23 9 
60 1 18 7 10 27 21 95 31 95 72 54 85 18 37 71 85 14 89 
36 94 99 89 81 65 59 38 15 10 40 74 1 16 93 86 11 89 8 
82 31 66 36 67 11 82 80 46 53 67 23 14 34 81 2 52 89 18 
71 39 59 26 91 38 46 60 81 53 99 48 82 72 33 1 17 19 68 
19 73 97 54 81 1 65 5 68 36 62 38 80 94 91 58 49 7 41 
84 78 79 29 87 82 22 58 62 3 47 28 21 52 52 53 70 52 37 
18 22 1 34 78 51 0 71 42 19 74 67 79 79 11 72 84 69 59 
0 49 36 2 48 3 39 66 38 75 33 20 97 89 60 24 48 85 71 
54 10 16 14 21 72 57 30 51 89 72 35 92 71 93 36 60 18 66 
