39
84 57 98 26 31 70 45 51 65 25 53 74 63 32 24 57 11 64 27 55 71 55 14 86 25 97 74 36 1 20 75 36 58 42 7 6 29 62 29 
67 49 32 55 22 88 11 70 25 55 89 3 84 7 10 28 9 64 25 61 24 44 45 12 69 37 91 80 32 61 38 54 9 75 20 31 98 55 15 
27 39 54 0 78 65 43 55 48 63 74 29 23 37 76 83 45 90 45 41 61 29 74 48 87 28 63 69 96 26 52 82 93 28 76 38 87 19 11 
28 95 68 61 21 96 84 32 88 46 87 3 0 91 65 81 81 37 5 97 95 71 10 44 89 37 74 73 14 15 5 46 38 33 92 64 71 9 21 
16 79 30 28 9 74 97 31 62 22 96 62 45 19 74 89 66 8 14 3 22 76 36 49 61 25 26 92 54 1 89 56 58 95 58 38 52 6 64 
0 60 17 76 8 23 41 76 96 43 79 34 78 77 1 84 57 3 78 2 38 53 91 44 60 63 10 10 39 52 89 66 92 67 59 44 44 51 59 
34 70 23 58 27 79 3 80 98 25 77 46 20 64 12 24 38 49 21 50 22 5 2 65 29 90 40 20 45 21 50 60 45 16 81 81 14 38 73 
26 83 38 50 68 49 97 82 68 0 29 76 72 25 67 60 25 72 99 6 79 71 35 22 93 30 38 41 43 79 16 85 38 78 80 31 71 41 9 
17 56 1 70 88 44 16 25 20 54 64 67 95 22 22 70 28 64 64 67 60 6 77 31 52 72 27 18 7 51 28 64 80 3 93 25 11 46 67 
35 12 79 0 41 76 44 66 2 92 29 20 37 86 20 14 73 15 77 38 94 27 95 13 63 3 14 17 9 28 58 62 85 37 9 76 78 11 28 
38 48 59 78 85 33 74 19 56 81 72 93 16 69 46 41 21 92 97 36 88 43 69 72 53 39 44 79 12 10 64 36 87 90 35 58 55 90 80 
77 56 91 29 98 88 50 85 59 56 89 72 5 30 67 14 56 59 46 71 29 52 4 66 94 61 42 66 46 90 90 74 51 22 63 16 38 30 99 
91 71 14 81 95 74 43 76 36 69 97 89 88 64 69 69 62 27 44 71 98 44 54 61 97 73 77 21 47 85 7 85 85 67 59 12 10 42 92 
71 38 97 11 68 62 51 42 17 95 67 79 89 56 8 64 13 72 79 46 74 56 38 1 75 19 92 38 42 5 78 48 24 69 27 69 19 8 43 
0 75 10 7 91 4 21 88 23 80 48 97 10 89 57 61 66 54 80 66 80 19 84 17 47 66 77 50 34 6 76 71 26 84 30 40 52 85 27 
39 20 67 84 7 82 61 29 95 54 38 81 57 21 40 39 72 98 54 17 3 75 17 64 51 84 71 76 49 86 98 40 46 98 65 94 77 81 44 
99 71 23 70 17 13 9 71 74 25 68 72 86 82 8 65 66 40 10 89 59 65 21 61 63 3 48 95 50 10 97 81 81 93 39 7 16 37 3 
22 81 7 49 95 19 47 97 8 69 73 56 38 24 76 96 49 95 54 33 93 17 20 64 1 2 22 22 41 27 71 32 16 61 27 17 36 96 50 
62 64 49 23 79 66 27 81 36 22 34 14 18 66 54 9 76 38 22 26 54 55 66 22 16 73 64 91 21 79 51 11 2 0 37 33 14 16 83 
10 49 28 95 79 33 35 10 95 69 70 4 83 1 74 16 45 27 33 11 55 4 19 25 6 38 16 87 16 78 97 20 9 43 51 45 58 53 99 
77 24 85 75 82 68 6 42 10 25 25 89 34 30 22 37 53 7 6 1 10 38 41 72 67 92 9 44 6 26 59 52 14 89 38 63 67 2 29 
98 79 11 41 23 53 24 71 77 4 77 22 29 98 70 17 70 4 49 29 57 65 83 5 44 85 30 97 37 3 27 47 23 88 1 72 93 21 26 
84 90 53 90 53 38 79 49 50 43 38 21 89 56 98 54 29 59 75 83 54 6 18 27 43 93 77 24 22 70 0 31 28 13 14 84 65 99 57 
41 90 55 21 96 38 24 72 54 58 6 4 88 37 36 68 8 73 51 84 28 7 34 59 55 64 58 67 89 8 96 88 46 23 97 98 50 23 61 
93 8 65 45 79 17 45 12 85 5 97 82 8 21 23 17 19 47 14 0 25 99 94 81 28 95 64 26 53 75 46 71 80 63 77 28 45 70 68 
91 9 23 24 10 59 51 49 95 34 87 44 72 47 67 61 62 29 16 25 81 17 95 41 35 97 20 6 58 21 94 52 84 72 76 81 90 21 5 
42 97 50 25 53 41 26 93 67 75 3 18 47 19 51 21 1 31 4 54 24 84 36 23 73 15 26 36 64 91 59 89 90 45 37 75 66 25 58 
77 42 45 78 56 85 20 14 3 62 37 25 5 80 58 57 79 25 48 15 45 38 4 69 77 73 77 53 77 94 69 38 19 48 15 42 6 79 35 
71 95 11 36 60 58 57 15 41 7 18 83 55 46 62 3 86 51 86 80 32 22 53 92 94 47 5 89 51 33 74 37 45 43 5 36 49 40 47 
72 63 68 29 29 31 52 16 70 78 89 6 74 92 54 39 96 48 77 87 19 50 57 65 14 29 33 73 17 8 4 2 72 56 0 98 88 73 5 
80 29 15 16 33 8 35 78 17 10 41 4 64 17 81 8 4 21 19 46 8 32 9 88 47 64 59 64 77 78 50 17 15 13 42 1 59 28 59 
97 10 25 15 78 77 11 37 61 79 19 54 90 81 23 16 67 29 28 1 44 33 50 86 91 44 2 1 38 87 0 59 40 14 79 10 1 54 78 
86 21 47 32 10 21 2 56 78 3 16 31 86 24 40 8 90 39 47 16 8 12 3 26 34 46 5 77 33 82 59 56 73 94 42 79 24 67 25 
82 45 8 53 27 5 83 84 24 8 29 53 38 18 82 9 16 62 23 20 62 77 98 39 55 76 87 99 81 0 72 8 29 98 70 3 45 6 11 
14 95 61 62 73 73 48 42 62 13 90 12 34 76 49 43 95 90 68 73 91 50 5 28 87 5 81 6 34 76 50 91 33 47 30 50 19 92 89 
11 65 69 21 80 59 12 98 70 51 93 98 71 76 77 7 26 44 74 71 48 66 10 61 10 6 42 21 56 83 72 26 41 72 37 65 64 0 57 
4 11 55 32 52 18 77 35 91 52 53 28 86 59 56 84 54 26 14 75 64 92 62 65 3 59 93 83 61 7 60 92 57 70 75 84 64 97 54 
68 9 0 43 52 27 27 75 37 90 13 35 14 5 47 99 98 83 86 5 37 1 73 67 21 24 58 66 59 88 44 20 23 28 68 82 25 19 92 
95 14 80 80 69 47 46 28 14 81 14 23 28 26 45 79 5 91 23 5 5 11 26 88 90 13 1 38 82 59 32 91 13 87 21 51 22 14 89 
