71
99 25 22 33 32 68 72 72 96 23 56 19 52 62 54 66 11 16 15 80 54 56 41 52 17 91 6 54 39 63 10 51 9 60 17 91 54 72 99 15 36 44 50 0 19 89 66 68 71 61 29 80 65 53 66 90 23 32 64 84 88 6 48 2 91 54 55 46 31 6 54 
14 25 37 93 60 16 48 95 34 57 90 44 23 30 5 40 83 88 11 20 59 21 37 48 17 17 8 24 35 14 1 17 46 67 47 51 19 14 85 84 61 56 49 76 75 46 77 65 30 11 53 79 22 89 37 8 42 19 77 33 86 68 99 52 97 70 10 98 60 89 37 
27 62 38 22 22 30 29 5 55 79 50 89 99 46 69 99 18 3 26 86 88 42 32 67 14 5 38 92 94 0 82 28 30 32 78 16 45 96 42 5 15 6 52 71 26 95 61 89 55 47 88 2 52 40 51 84 45 93 11 67 1 6 29 22 97 99 92 27 41 7 81 
53 0 91 45 60 91 24 0 56 78 66 18 42 82 31 44 87 55 81 29 39 13 75 25 91 94 11 88 96 23 64 0 77 92 87 85 51 59 58 50 84 93 8 65 88 52 37 9 61 88 93 80 59 41 47 39 63 59 68 26 26 85 14 28 77 45 49 72 85 80 77 
16 40 94 33 15 59 20 55 46 48 86 81 36 63 21 25 6 50 50 95 54 45 25 43 67 60 76 36 90 53 44 12 93 50 98 98 70 20 21 16 16 5 19 97 9 68 94 94 99 32 57 98 96 82 7 72 13 48 13 86 15 71 3 56 62 45 13 14 92 38 88 
58 27 84 37 46 7 9 27 94 49 60 80 15 56 41 73 73 77 55 71 14 0 60 55 32 43 20 15 72 43 70 75 26 10 41 74 59 14 38 92 29 45 16 29 57 46 80 53 5 92 27 16 73 19 83 42 77 39 53 35 74 33 54 9 87 45 87 14 19 50 0 
14 38 22 42 90 88 18 50 74 49 18 66 34 93 41 53 43 43 83 10 58 64 64 81 58 67 73 68 83 21 23 27 75 17 29 31 16 0 12 28 9 64 85 57 94 0 78 89 63 90 34 16 64 44 74 72 15 39 18 67 83 90 6 61 2 24 97 31 27 13 24 
64 81 79 92 28 71 33 30 47 48 17 64 55 93 23 93 26 87 10 99 7 63 11 45 96 92 53 75 7 91 88 82 26 58 2 69 23 59 56 42 44 76 85 10 99 45 50 88 32 38 94 81 22 27 81 65 0 98 96 71 81 59 8 38 44 52 81 64 98 44 73 
80 51 19 69 52 64 11 44 14 5 64 72 87 62 27 46 98 44 21 55 12 13 88 60 76 80 4 23 2 29 19 80 81 57 3 51 65 34 44 92 33 29 42 71 6 36 58 20 85 72 29 4 98 33 66 14 85 22 76 16 95 7 48 77 74 73 26 40 90 73 88 
52 0 25 23 48 69 36 13 94 32 29 92 11 2 28 13 69 87 9 91 18 90 82 43 5 65 55 19 7 91 41 15 80 86 28 55 59 25 82 8 12 77 26 72 90 84 62 1 70 43 29 58 19 59 40 79 58 99 0 18 66 66 29 28 38 81 35 99 24 9 18 
15 62 14 12 92 19 55 94 93 35 69 23 59 60 40 43 9 54 97 32 88 78 58 7 52 0 8 21 66 90 86 76 10 69 29 34 56 46 88 14 54 94 58 70 25 4 6 45 93 48 97 49 8 22 57 17 99 52 35 18 96 81 36 76 80 83 76 60 5 4 82 
96 16 54 24 55 0 56 43 27 3 41 81 61 82 11 55 32 25 96 42 11 81 39 98 57 2 62 93 31 70 73 49 61 87 18 9 21 81 56 55 93 6 87 16 48 47 85 13 81 10 11 37 55 50 22 16 57 72 73 90 22 95 29 67 57 2 29 7 29 18 7 
69 43 28 95 69 1 38 64 95 30 69 65 72 3 58 27 51 34 6 36 25 6 88 15 69 88 71 12 44 81 94 30 82 21 19 78 90 20 99 99 32 4 3 31 15 2 1 65 75 74 95 95 20 2 74 40 22 38 68 4 78 92 70 97 5 19 32 47 57 70 6 
58 72 59 28 47 78 57 24 89 47 27 40 31 93 26 64 44 48 15 1 82 71 55 20 59 87 9 90 50 16 98 32 51 76 15 24 43 29 14 46 43 79 22 77 50 39 51 50 98 71 55 72 64 53 28 7 81 88 98 3 15 62 64 84 84 60 35 86 57 28 4 
39 18 48 31 78 14 90 48 65 67 52 46 7 20 74 19 15 31 2 0 93 82 63 73 66 17 51 1 36 67 99 52 79 59 94 86 67 50 49 82 87 58 70 3 60 1 57 11 28 84 64 13 13 79 34 29 78 84 30 92 84 52 66 20 43 46 76 55 87 86 22 
8 95 84 26 28 36 83 21 72 43 69 92 47 67 51 65 90 89 75 16 27 2 41 70 92 22 78 87 38 47 42 20 70 58 65 88 51 82 83 64 35 55 78 42 88 34 33 19 43 82 82 22 79 8 80 65 83 88 56 78 47 7 82 51 29 62 29 27 26 97 15 
61 51 53 82 87 65 87 21 56 17 89 11 35 81 40 23 96 37 38 99 62 65 7 15 43 57 42 15 83 95 8 49 79 96 7 50 43 98 66 83 32 2 99 88 56 83 52 16 43 55 66 9 14 50 26 11 96 72 74 88 69 7 20 0 60 31 11 74 45 55 99 
19 99 70 87 53 48 14 70 45 95 68 83 72 83 48 30 36 34 20 2 75 65 18 29 56 95 3 5 1 58 48 74 29 57 51 89 52 60 2 78 61 50 64 58 12 97 69 17 25 61 61 19 29 34 80 66 53 8 77 63 20 29 73 10 54 34 51 37 79 67 15 
46 92 57 32 57 90 35 59 84 30 73 94 8 18 1 73 37 35 99 36 15 50 35 46 85 88 42 82 36 50 58 49 88 31 5 28 98 78 97 43 98 75 2 31 2 41 85 17 16 62 48 77 80 97 79 30 53 61 37 3 5 94 13 71 37 36 64 2 16 44 32 
65 41 9 80 29 79 16 47 75 64 35 51 19 78 98 61 19 62 52 71 78 60 67 83 3 25 33 96 96 88 23 12 37 3 78 91 59 93 84 2 9 13 97 48 50 6 36 67 95 46 1 92 76 74 77 76 19 20 73 35 54 56 84 36 3 49 56 67 77 91 56 
31 97 74 87 83 7 91 5 23 3 23 77 36 9 54 87 33 29 69 36 7 51 39 86 96 95 46 30 0 92 34 62 25 69 61 72 8 69 73 78 57 56 91 26 75 51 56 94 2 83 93 94 62 43 5 35 49 8 8 40 54 84 49 98 9 95 32 73 35 96 44 
86 10 40 79 78 38 40 28 18 14 6 52 19 94 27 15 68 51 92 81 98 90 11 76 82 62 8 52 83 56 37 69 51 69 8 98 0 3 28 75 50 10 99 46 55 86 66 16 8 69 18 30 81 42 87 51 80 21 24 76 79 79 76 31 66 55 36 87 35 71 49 
16 11 13 28 91 23 73 89 96 25 88 81 95 71 23 24 91 72 62 67 46 3 28 92 39 2 64 44 61 2 90 86 95 36 48 78 42 58 49 55 47 76 35 10 48 22 53 1 55 40 76 89 8 21 0 65 71 93 19 91 17 18 13 64 53 46 14 44 24 12 29 
24 46 64 39 66 28 64 77 10 55 58 87 18 55 80 45 51 21 0 96 51 19 60 74 41 93 57 56 96 69 49 60 61 32 58 15 3 29 83 25 72 7 42 84 94 83 40 16 39 88 66 84 31 70 65 82 9 51 80 69 53 61 53 36 41 1 34 40 54 53 99 
83 30 72 98 67 8 63 65 61 37 73 40 67 38 88 31 94 71 87 5 82 54 91 28 12 85 18 79 37 3 68 10 77 97 37 96 7 58 37 40 53 36 54 86 84 50 79 28 40 7 50 17 10 5 4 63 28 44 66 35 23 77 12 85 5 56 34 88 53 10 83 
88 70 8 81 19 95 57 12 23 94 66 63 59 74 28 76 76 20 22 29 75 42 82 43 89 37 59 12 80 24 42 98 64 93 25 98 93 22 80 47 36 90 59 70 25 58 69 75 53 0 52 19 82 24 65 82 73 19 59 26 81 36 72 45 6 75 8 23 25 54 3 
11 76 78 18 16 36 25 50 85 33 20 33 25 22 40 65 5 33 25 59 0 46 11 37 30 9 58 21 74 2 14 66 69 13 93 68 91 19 67 76 49 52 56 50 50 51 52 84 84 61 1 96 98 61 31 45 83 5 76 63 38 26 11 9 61 73 86 97 85 7 77 
43 52 43 28 2 34 27 40 4 70 21 9 85 57 83 20 76 29 19 47 30 40 69 88 92 59 55 47 47 78 76 43 91 18 28 84 37 70 52 62 83 61 21 43 38 56 32 19 18 48 73 57 59 14 89 99 75 19 55 23 16 0 85 56 72 59 25 20 80 89 74 
83 19 99 54 6 12 19 27 87 39 39 81 84 49 6 88 0 33 32 37 29 16 81 31 20 45 42 89 76 42 35 63 53 17 24 38 70 78 63 73 5 58 72 78 54 68 47 46 72 32 71 41 11 86 21 62 97 56 0 84 8 32 32 45 92 81 42 71 22 57 47 
49 44 37 77 96 42 77 94 45 70 70 8 59 96 30 90 9 60 28 46 74 28 53 33 20 79 71 3 48 8 84 43 49 89 79 47 67 15 47 98 91 99 1 43 24 96 1 10 69 96 92 65 99 44 46 89 86 39 27 52 29 31 43 59 6 92 99 62 91 59 43 
47 28 3 11 32 27 98 58 12 62 46 42 88 27 44 14 76 81 55 88 69 67 51 31 60 95 0 54 25 69 41 96 17 9 9 33 14 64 68 18 12 39 69 48 41 75 37 53 35 1 60 80 10 96 72 84 53 46 41 81 77 76 81 42 17 18 61 71 38 31 65 
36 43 17 10 75 82 26 97 68 68 87 49 41 11 42 94 80 50 52 80 10 18 7 78 18 82 7 96 37 0 16 1 24 32 96 24 51 64 95 9 18 94 11 99 81 55 8 69 21 44 80 65 26 20 20 14 40 60 23 66 31 52 39 88 11 79 35 49 28 46 64 
66 31 14 57 70 78 67 10 16 35 29 71 59 61 23 98 72 62 4 19 94 5 53 93 94 28 0 87 1 62 51 49 54 80 42 52 0 33 87 32 2 37 80 61 7 38 86 38 44 27 44 83 81 90 32 60 27 32 60 44 25 65 94 20 22 24 76 69 68 55 98 
30 12 39 46 26 4 31 38 30 46 64 34 6 6 0 69 62 35 70 26 49 64 44 68 58 15 20 67 8 32 10 78 0 47 14 5 93 63 87 51 44 2 55 62 85 2 94 84 10 78 18 50 67 19 57 21 8 39 3 44 28 64 27 45 51 75 29 55 42 67 65 
29 74 28 47 90 43 4 67 1 96 68 73 85 69 14 51 49 37 60 78 53 6 97 21 40 98 24 72 87 23 65 95 72 6 8 69 64 97 5 64 91 97 94 6 18 25 96 65 99 61 12 24 17 73 19 50 3 88 14 32 10 90 76 75 11 3 46 52 47 87 36 
98 47 39 34 82 97 17 10 24 28 92 1 33 24 54 29 57 17 75 9 9 62 76 81 15 51 41 26 57 64 57 14 7 5 16 85 20 26 1 31 5 4 74 74 98 15 29 36 41 19 55 17 1 10 80 87 69 88 29 92 59 86 94 50 12 93 79 63 96 90 94 
3 14 35 44 22 18 41 18 35 20 26 6 11 7 42 35 35 50 54 73 28 70 77 75 85 13 90 7 17 27 4 12 56 60 36 60 51 34 22 32 11 8 99 57 85 0 7 89 5 30 16 83 82 91 9 59 27 42 21 39 81 28 4 31 91 43 17 20 92 13 18 
88 67 43 21 77 4 42 28 33 28 45 55 62 15 41 55 51 79 86 87 28 76 32 3 46 7 71 64 7 68 15 14 97 0 83 22 65 73 96 33 24 20 23 59 38 49 13 57 63 17 95 33 27 43 10 28 58 69 51 38 45 65 21 5 20 33 49 24 21 42 79 
95 66 74 99 36 43 57 70 58 63 34 84 94 33 48 66 39 10 96 13 70 62 54 66 51 37 51 33 61 33 1 30 88 26 2 35 42 17 32 4 59 78 14 24 72 8 52 77 28 91 14 44 82 99 59 10 29 87 45 99 93 77 52 54 26 65 7 66 40 73 4 
88 54 40 64 52 60 74 8 55 36 97 91 23 28 74 84 7 14 39 0 63 42 78 64 86 37 10 2 27 11 29 38 93 74 99 17 93 82 74 70 6 62 67 4 4 37 97 36 54 94 49 11 17 86 62 70 82 79 27 90 91 55 99 35 4 23 33 48 1 70 4 
80 24 86 7 52 49 69 91 9 93 69 21 71 4 82 91 77 27 66 42 72 79 80 62 57 96 10 71 66 33 4 29 68 65 32 6 80 15 68 64 58 95 96 62 52 66 18 88 80 72 49 11 91 57 97 26 50 97 77 72 62 69 27 47 40 0 61 83 40 46 81 
32 79 97 42 72 49 41 18 85 53 46 21 3 8 78 55 35 0 80 91 45 37 85 48 4 55 77 72 76 3 2 69 43 96 66 59 37 70 11 25 66 10 68 44 2 74 70 62 10 45 36 45 2 86 61 63 39 56 41 62 61 25 7 0 61 41 18 52 43 4 22 
77 32 69 74 76 96 30 41 58 77 95 26 53 82 54 81 83 8 53 7 81 72 67 29 18 95 46 74 20 22 47 47 12 61 41 77 33 76 47 42 35 54 28 1 6 18 64 44 86 63 25 7 99 87 33 32 94 32 27 1 51 56 94 66 75 39 37 64 45 31 98 
63 36 52 38 65 44 26 53 8 74 12 3 90 23 19 98 59 5 28 77 52 81 87 26 51 93 49 91 32 50 88 26 11 66 31 67 23 11 25 89 67 80 59 69 28 10 83 11 32 67 39 2 2 99 67 10 98 63 51 30 16 87 5 80 85 89 99 22 27 80 44 
79 59 40 41 74 88 99 60 47 37 60 25 19 63 84 74 91 87 6 5 50 17 13 67 64 83 61 40 82 83 94 99 35 74 21 57 18 74 26 38 59 28 72 83 4 48 24 69 52 78 60 11 71 81 30 21 85 3 21 47 61 29 82 17 66 41 25 15 25 54 15 
92 42 67 50 47 81 77 28 59 26 78 29 98 21 27 96 73 83 30 23 70 74 85 50 23 16 92 98 43 15 25 54 59 73 71 47 47 79 24 58 2 4 9 59 36 52 72 14 76 51 12 45 83 93 74 96 12 4 31 37 73 4 63 84 87 23 68 91 42 24 3 
17 39 15 33 80 87 43 86 37 73 81 69 72 21 81 56 88 70 94 86 53 13 76 58 33 83 41 30 42 44 45 50 42 50 82 96 37 98 40 89 84 25 12 49 95 24 32 4 16 42 63 65 80 0 31 93 15 88 71 37 20 13 87 92 63 54 78 52 50 97 18 
84 75 68 93 72 68 92 89 73 78 15 63 59 36 80 85 85 24 97 24 21 84 17 48 57 74 72 35 78 6 76 25 3 94 82 7 2 61 74 48 11 77 59 73 26 26 7 66 88 83 64 52 22 23 5 2 86 2 55 0 22 67 96 34 47 86 98 63 71 95 92 
65 23 33 51 86 37 14 0 10 18 96 83 12 31 85 3 51 74 48 25 65 16 75 23 91 11 54 60 76 82 86 68 36 41 43 47 65 99 71 43 33 13 56 26 36 58 89 1 89 6 22 48 83 48 79 79 81 79 46 90 91 53 65 81 85 51 78 10 47 93 99 
41 31 32 53 6 47 69 25 10 66 88 67 64 6 90 79 79 92 92 86 50 87 6 13 55 20 63 38 89 40 87 28 4 92 88 38 67 65 66 15 90 96 71 51 42 5 77 26 91 52 90 83 45 25 30 74 18 97 5 51 63 66 58 91 94 32 15 84 37 91 15 
32 17 77 57 11 94 21 63 82 11 9 79 0 34 60 97 16 15 60 96 54 33 84 44 19 10 52 77 13 91 89 73 28 24 15 58 18 68 1 50 49 27 28 14 38 50 29 12 87 84 82 52 6 23 76 18 22 71 6 93 12 22 26 92 54 13 85 38 36 99 5 
64 12 16 39 56 39 45 76 45 18 11 25 10 56 85 50 63 78 96 15 79 65 29 59 28 68 62 50 54 9 43 91 3 90 73 55 63 13 98 60 4 63 43 22 53 38 58 15 97 72 30 16 51 76 17 7 97 52 30 52 34 94 10 0 72 49 25 85 42 59 38 
61 15 40 99 65 34 6 94 63 35 28 14 11 15 6 6 95 95 39 21 66 36 6 78 91 95 79 38 55 22 26 81 0 53 61 86 54 4 59 75 77 92 50 57 25 52 58 48 74 49 96 55 40 35 77 20 29 68 37 88 58 18 65 46 81 2 60 37 22 63 14 
83 61 10 57 45 27 84 13 18 5 97 61 25 13 96 20 7 53 35 3 77 79 35 28 62 67 17 55 89 59 80 41 55 76 19 26 60 87 74 77 5 83 81 40 29 15 49 58 16 45 0 88 42 56 40 55 17 55 60 75 71 70 54 74 50 42 29 69 29 99 63 
76 24 69 35 98 33 21 98 51 19 21 75 69 84 35 57 82 18 68 41 4 10 80 54 33 13 74 74 86 32 57 90 54 32 3 81 39 4 11 74 99 75 70 56 79 30 38 79 38 38 11 73 90 38 7 19 36 16 21 23 88 50 31 55 25 13 88 60 90 26 37 
33 47 69 36 26 7 43 83 73 66 28 79 48 88 79 5 69 17 66 74 0 45 65 39 3 27 62 56 44 53 47 23 35 34 25 30 7 72 50 21 76 7 62 33 18 52 1 68 69 75 20 46 9 75 43 7 62 39 56 44 57 98 47 45 89 88 30 12 73 45 60 
71 91 56 37 36 95 12 24 46 82 47 54 16 90 22 35 82 90 85 7 4 47 34 35 75 51 90 1 23 9 93 74 79 90 21 40 49 7 61 93 29 49 87 31 93 2 16 53 35 97 54 2 27 54 13 21 29 48 27 34 23 4 89 69 60 10 70 77 83 82 66 
31 95 5 93 40 49 15 36 53 16 7 17 31 58 30 54 79 3 32 91 0 75 12 21 55 25 86 7 37 31 76 41 81 66 11 80 69 50 16 69 15 40 91 2 7 60 22 78 64 25 68 90 40 4 62 80 50 44 3 21 92 36 36 0 49 40 78 45 57 99 52 
40 15 47 65 18 17 77 84 29 36 47 75 69 2 33 90 48 1 32 16 23 37 31 4 16 19 24 58 43 85 90 80 60 46 68 34 31 3 55 10 75 79 54 53 95 61 55 51 55 12 85 62 90 97 4 50 60 21 89 35 38 33 23 45 7 31 81 61 55 5 83 
58 4 78 4 47 36 94 37 79 42 0 27 15 28 71 98 72 54 44 45 59 74 76 67 13 67 38 17 39 82 5 24 78 19 99 90 20 29 97 32 5 56 83 66 42 47 28 89 36 92 69 11 3 24 11 98 45 85 95 4 75 66 97 8 35 61 64 44 41 16 85 
3 28 75 95 5 64 19 12 79 7 27 63 75 57 7 22 87 25 93 82 66 29 25 1 95 97 66 92 87 41 88 95 11 18 33 11 58 47 58 22 77 33 95 94 89 92 75 0 91 61 55 47 11 26 82 62 82 4 86 79 93 41 42 31 19 69 71 62 40 71 30 
76 73 30 76 62 57 61 25 30 65 61 10 91 23 17 66 88 52 12 32 41 51 84 88 0 56 42 33 39 87 95 70 39 51 2 57 39 22 19 83 71 37 68 16 20 26 99 59 67 30 61 94 98 26 50 72 91 90 29 51 67 67 95 2 34 10 5 39 21 14 35 
63 5 65 84 79 84 32 11 7 82 84 19 90 75 60 24 17 95 27 98 60 27 25 20 99 19 23 46 82 65 24 72 89 77 30 31 59 14 49 69 30 54 69 57 65 43 63 85 56 78 14 85 9 16 87 61 40 43 69 19 2 10 28 54 43 54 95 79 2 98 53 
30 26 35 37 93 98 65 5 17 31 81 93 94 2 57 38 66 45 33 69 82 50 40 42 54 51 34 74 90 38 77 48 5 49 4 25 73 7 59 52 77 17 31 61 5 35 41 50 4 63 86 34 17 52 51 78 27 4 50 19 77 72 97 87 83 66 62 1 55 22 36 
26 37 78 30 85 98 63 18 55 23 92 10 29 90 70 83 68 89 99 58 91 57 16 4 0 75 86 36 12 1 60 17 33 39 11 47 17 16 12 84 1 57 51 20 46 42 37 16 9 77 55 45 73 32 2 44 76 53 83 44 79 16 53 36 88 70 15 97 31 49 68 
45 89 85 17 69 23 57 4 87 55 75 40 75 66 83 54 43 31 18 79 35 77 36 84 55 38 95 70 70 36 27 16 34 41 80 95 49 67 47 61 62 95 85 86 14 2 1 95 0 18 57 70 72 94 65 87 24 93 72 16 47 78 56 59 32 66 68 42 15 24 0 
18 35 33 66 18 84 68 20 82 64 95 79 14 45 52 27 40 49 48 68 42 59 13 26 31 54 33 64 42 44 78 24 20 33 77 99 3 50 4 23 7 69 79 99 21 75 5 50 80 65 74 52 3 96 12 18 86 36 44 85 81 48 98 35 15 92 60 54 13 83 63 
73 81 97 47 98 46 9 17 57 2 45 49 43 63 51 8 72 89 94 96 86 9 86 8 76 54 89 4 3 96 20 89 64 34 14 85 62 34 92 61 26 48 91 88 94 87 11 97 8 32 24 58 52 29 83 3 81 55 54 18 32 17 21 73 30 8 70 31 78 11 40 
84 15 64 92 79 68 58 41 46 14 98 83 40 90 97 23 48 72 76 81 43 92 15 98 3 53 52 84 15 35 51 25 55 26 99 21 30 10 24 17 15 69 61 97 4 24 6 85 58 47 30 64 25 44 2 90 13 91 61 28 91 47 17 86 85 41 25 1 53 98 49 
86 17 63 59 72 84 71 47 26 70 56 40 97 45 26 63 41 60 81 29 7 65 74 82 84 63 77 53 48 4 3 26 85 95 23 81 15 22 82 36 65 7 64 48 31 16 66 89 49 19 71 34 91 79 3 29 78 81 34 21 6 31 26 38 50 98 40 70 2 5 22 
13 24 10 11 48 15 88 87 80 44 35 97 41 82 68 58 26 13 6 44 55 87 66 85 97 12 70 83 72 37 4 50 79 45 74 93 37 75 31 45 72 50 7 7 42 43 35 44 89 69 18 71 84 4 25 44 24 88 30 69 69 73 93 46 49 40 56 54 95 81 63 
