51
75 87 72 37 0 20 11 56 71 60 65 68 14 84 92 53 35 96 65 64 31 72 6 22 21 49 84 41 1 49 50 62 21 27 44 35 10 38 54 55 60 26 13 77 75 6 29 10 78 44 82 
28 14 18 37 27 72 61 51 94 72 61 96 64 1 21 17 81 70 81 75 37 0 14 8 95 16 37 25 14 92 16 3 5 25 42 89 13 19 10 10 38 80 16 82 63 36 36 95 82 65 16 
86 20 72 44 37 49 60 53 68 57 83 19 16 44 93 12 4 96 35 55 98 36 21 2 94 75 56 80 66 11 35 38 62 94 2 89 21 84 48 17 57 56 18 50 23 64 93 76 66 26 25 
45 62 53 85 50 22 73 46 98 71 4 11 49 60 98 84 32 74 0 19 11 10 77 37 36 50 6 82 30 89 32 55 87 78 13 9 26 23 23 95 69 81 53 2 79 0 68 88 14 54 69 
94 97 73 14 60 89 4 86 99 66 83 71 47 1 7 63 15 68 93 99 69 66 76 61 3 65 18 12 80 6 16 70 61 44 78 34 59 82 58 95 89 7 65 38 71 40 96 76 27 9 16 
0 77 8 65 96 67 55 2 2 6 81 21 16 91 5 23 33 22 74 74 30 20 75 15 92 57 95 61 67 72 9 28 42 48 75 3 12 97 73 47 91 68 2 52 6 36 30 34 51 73 34 
14 83 19 36 97 32 0 3 18 54 39 28 44 13 0 32 6 99 54 75 34 45 0 65 65 49 81 4 64 44 36 1 34 61 2 76 46 23 35 47 56 51 91 2 17 90 51 35 62 33 89 
45 95 54 16 15 36 65 50 19 21 36 71 23 0 53 62 69 72 14 28 71 46 50 89 39 55 15 35 22 48 36 75 87 37 13 51 99 50 41 42 47 21 48 82 69 62 51 11 68 57 74 
42 20 40 52 41 19 69 62 70 79 75 70 83 68 14 14 85 61 2 14 46 75 84 67 5 43 87 34 32 29 45 17 0 37 75 45 94 26 65 30 3 82 55 79 50 94 40 74 73 14 8 
92 21 85 1 21 76 23 3 91 22 80 14 65 32 23 34 45 48 59 93 35 73 78 85 85 76 99 16 23 29 2 56 62 47 71 45 50 67 79 99 90 20 41 90 93 89 65 97 11 76 60 
22 45 78 79 15 86 40 5 50 75 76 43 19 41 74 95 40 98 62 67 42 74 39 76 91 49 3 87 88 44 9 87 23 48 53 62 24 22 34 46 77 4 26 20 60 1 55 39 93 33 45 
2 92 32 18 17 18 78 33 38 88 91 84 26 50 21 29 58 73 87 51 83 31 56 27 82 68 41 93 17 34 36 33 80 34 24 62 27 30 2 33 86 76 1 41 39 85 62 44 15 40 94 
59 52 70 26 86 67 53 46 22 87 93 38 52 74 27 37 94 4 6 15 58 85 76 82 47 99 17 9 65 2 8 6 29 69 39 6 97 18 97 28 10 54 63 7 91 55 39 52 75 42 41 
84 56 33 77 90 23 30 38 93 36 70 97 65 41 34 1 57 59 76 55 2 26 38 44 95 87 11 74 29 44 59 40 96 35 86 57 48 28 48 92 34 37 24 95 28 93 59 6 45 52 72 
8 17 45 79 55 78 54 51 81 19 54 65 87 50 27 43 38 28 14 93 66 84 92 79 35 63 46 12 12 64 32 31 74 41 16 65 5 52 93 10 79 27 33 13 17 3 64 20 96 24 87 
41 29 40 64 4 64 89 14 40 60 9 59 48 67 17 51 23 66 42 77 41 8 12 16 79 4 84 14 86 37 30 28 59 9 76 7 78 26 91 49 61 46 40 38 99 23 82 9 7 46 38 
4 47 68 95 23 71 14 70 21 64 3 7 76 13 14 38 68 97 22 16 10 5 89 53 19 49 44 35 18 43 37 18 40 1 32 84 51 81 68 96 50 78 18 66 72 73 59 1 71 34 71 
6 38 61 67 32 43 77 56 46 63 25 94 93 67 74 3 23 56 5 66 61 7 49 72 80 19 61 66 37 60 56 89 46 9 62 22 70 86 4 42 24 56 95 94 67 99 30 5 51 57 10 
83 63 41 25 71 77 47 43 77 22 52 43 33 15 33 98 3 45 84 45 15 16 60 46 41 4 67 38 59 45 87 70 61 6 76 88 30 32 84 84 5 17 57 8 13 43 61 66 25 7 29 
57 5 56 20 22 27 45 38 53 36 8 41 44 82 12 40 20 57 18 59 80 69 8 16 91 99 23 55 10 2 39 26 50 86 65 31 0 92 64 18 60 52 49 47 83 86 42 10 61 93 55 
39 39 91 25 97 11 67 34 83 10 12 21 81 19 78 42 13 50 63 7 62 34 96 60 27 12 27 37 96 18 61 98 1 85 17 3 56 84 47 5 26 69 84 53 63 73 71 37 28 72 29 
89 77 75 94 25 14 59 8 88 63 15 93 88 97 18 56 33 73 38 77 12 0 85 62 60 17 86 91 51 50 60 26 46 1 48 56 95 83 5 52 3 36 61 21 89 38 2 84 62 33 30 
80 87 12 25 29 96 17 42 21 47 79 33 38 38 1 40 98 82 80 16 84 2 73 79 18 44 45 84 20 59 34 72 69 41 2 88 47 99 33 12 37 27 20 98 88 50 49 8 70 8 57 
17 23 41 44 26 31 2 53 30 74 53 65 50 18 78 92 83 10 84 63 72 80 0 24 53 5 60 33 95 54 91 59 35 75 81 71 77 57 23 18 62 52 89 83 71 61 80 15 63 39 47 
49 99 41 97 80 84 89 34 84 73 89 92 25 36 10 72 24 76 94 14 65 10 55 26 58 28 58 33 41 90 42 48 89 56 96 59 51 17 64 51 40 43 4 22 84 39 81 52 73 76 60 
20 6 48 6 36 52 15 79 70 42 77 54 51 61 55 6 70 54 82 78 59 76 4 13 78 8 55 80 36 48 32 78 69 8 5 99 27 23 96 34 66 57 84 0 61 11 77 94 30 53 60 
14 6 72 93 58 0 76 78 23 88 15 33 17 56 92 37 12 79 36 22 34 82 47 43 33 92 73 49 4 6 35 95 1 44 44 33 31 23 88 86 82 80 48 98 59 38 65 12 34 92 12 
17 64 30 27 98 46 62 2 76 96 22 44 47 91 18 76 60 30 80 29 88 8 77 18 51 86 18 44 54 81 99 42 53 2 25 74 73 66 98 21 97 55 44 62 60 72 22 36 3 57 51 
51 1 74 17 32 9 62 85 17 19 49 99 29 92 78 8 84 47 63 12 72 93 36 46 86 57 23 50 76 89 87 31 97 99 80 10 44 7 53 7 27 50 25 47 87 59 88 19 64 62 43 
20 30 99 39 4 54 64 82 53 53 63 36 77 36 67 25 91 57 34 57 56 10 89 74 25 90 12 38 21 82 92 60 95 94 43 56 48 34 64 63 47 69 76 5 69 3 9 79 84 95 93 
37 59 11 58 88 1 24 62 74 35 87 35 6 27 10 34 4 80 69 16 87 20 9 81 57 30 43 12 80 13 22 40 89 73 81 99 15 29 48 50 51 85 94 69 31 38 45 59 78 44 36 
57 21 1 25 60 92 77 7 78 93 2 37 52 10 73 69 26 90 54 26 23 57 86 92 43 25 7 95 91 42 22 90 32 11 72 33 8 35 38 60 46 73 96 58 85 47 92 43 92 55 81 
29 29 45 51 61 65 41 98 52 69 41 20 4 47 31 83 54 34 77 72 33 83 50 13 24 53 44 46 58 86 80 5 31 1 30 43 64 83 79 23 60 25 38 50 21 91 42 29 2 77 98 
32 99 35 22 59 51 42 66 27 43 46 17 70 95 95 76 44 54 21 55 7 19 24 93 90 38 56 51 22 90 2 6 29 21 72 6 33 3 12 96 78 37 9 8 24 49 45 84 8 94 87 
92 48 81 17 6 18 11 46 72 14 19 87 94 13 96 3 18 55 12 70 26 80 13 94 83 59 97 9 77 59 53 48 92 76 94 57 50 22 75 57 3 25 83 11 97 86 68 96 46 49 58 
20 84 36 26 71 52 99 27 31 23 94 62 94 9 54 90 63 20 51 2 92 9 28 16 19 59 68 72 44 97 40 13 27 19 43 56 75 41 69 3 38 22 89 41 92 39 22 25 67 72 33 
29 33 54 30 48 46 68 96 12 49 56 38 41 6 50 85 93 57 66 4 45 18 83 76 88 77 44 56 47 94 79 72 96 15 46 54 9 61 37 22 9 71 3 69 43 45 85 1 35 27 21 
60 97 32 24 46 1 18 30 44 88 75 36 27 26 41 28 86 37 79 17 2 99 16 98 28 37 85 52 76 2 15 84 1 95 79 76 52 36 92 30 39 20 3 55 35 67 76 97 9 82 88 
32 27 33 83 28 7 64 82 0 58 15 11 76 83 15 84 64 9 30 73 80 75 84 17 88 64 64 49 9 52 70 41 75 6 35 39 59 38 80 90 12 46 17 89 33 30 53 70 94 66 86 
66 56 22 90 81 36 9 53 42 44 77 63 13 5 30 67 26 13 81 89 19 85 13 85 30 87 95 21 89 1 23 73 31 41 87 87 28 10 27 73 20 34 90 24 88 10 32 38 94 95 85 
88 9 25 39 18 30 25 8 95 26 61 48 67 44 73 58 56 21 2 45 57 99 46 81 76 95 87 52 38 25 96 33 19 35 14 71 77 81 12 31 83 68 43 16 11 72 62 59 63 69 69 
72 52 31 17 88 33 62 54 21 55 29 2 32 43 81 83 74 42 23 88 27 22 76 14 96 5 77 25 79 53 91 42 36 99 87 51 94 54 60 65 73 13 87 7 84 97 32 9 36 64 95 
33 44 6 9 82 83 54 22 65 16 43 23 69 65 97 33 16 40 71 77 36 5 98 11 4 76 23 55 18 0 64 67 87 75 16 55 47 6 82 10 60 60 99 46 94 50 91 12 3 36 59 
93 21 32 69 97 81 69 11 79 20 39 97 65 17 6 85 15 86 21 20 42 36 18 23 8 42 47 77 31 89 23 16 93 74 88 28 53 29 69 91 23 91 81 19 27 24 19 95 88 50 31 
56 95 2 50 77 79 8 74 30 95 10 50 73 77 82 98 51 59 69 30 81 19 85 77 32 15 92 16 23 71 47 89 56 3 77 76 55 41 0 17 70 37 78 72 46 96 98 37 19 22 78 
31 99 44 8 28 13 86 85 99 78 39 78 27 93 39 35 8 51 70 95 69 82 59 81 93 91 6 92 82 39 96 98 55 35 85 51 50 44 93 34 79 58 64 66 72 70 39 18 11 23 81 
67 5 77 14 46 25 0 36 10 49 16 95 33 97 71 59 47 10 57 70 73 85 73 55 31 89 68 11 87 11 45 46 66 38 56 54 66 24 81 61 36 41 14 33 37 82 69 33 47 77 28 
22 16 99 93 27 21 58 2 3 42 2 67 62 52 84 79 55 77 63 90 77 20 15 84 0 36 3 12 35 91 10 59 85 71 95 76 1 81 22 66 6 59 7 12 20 67 62 17 17 79 69 
67 93 76 19 47 69 39 77 3 78 79 63 85 26 16 63 8 84 70 82 68 54 73 18 71 12 45 69 71 4 95 1 28 80 3 48 78 32 38 70 76 5 23 65 36 55 53 73 67 80 32 
58 61 74 65 51 94 19 77 33 76 31 3 93 53 15 17 15 97 77 40 80 10 13 92 83 52 43 55 72 24 22 52 85 4 21 35 83 72 25 36 57 5 60 97 88 26 57 47 40 62 32 
47 94 53 45 97 39 78 97 74 40 42 89 76 44 94 64 47 92 25 40 37 14 33 45 85 83 32 70 20 6 26 13 13 68 1 57 27 82 10 23 70 58 19 6 11 71 99 72 5 96 73 
