31
60 41 16 32 17 12 17 9 98 87 4 24 77 98 39 16 62 84 45 60 73 83 49 13 67 55 81 55 56 96 50 
83 95 47 4 46 31 84 18 88 33 16 49 67 59 74 85 27 48 83 98 12 51 91 32 60 70 99 27 23 38 70 
11 79 45 64 75 68 33 54 1 74 88 47 37 92 66 15 63 90 98 55 60 6 77 66 81 7 54 84 2 38 87 
12 2 66 53 99 28 75 50 76 39 24 63 18 20 74 66 7 56 93 94 31 9 95 82 72 14 63 61 86 95 48 
58 86 99 79 53 37 80 99 86 91 32 88 34 85 51 14 62 56 54 85 79 48 55 14 83 13 64 57 29 86 8 
47 72 11 61 86 24 53 41 87 62 78 4 0 45 15 4 92 30 79 11 40 16 80 14 64 3 53 10 15 96 15 
59 25 41 81 30 91 89 92 97 24 22 11 3 70 20 16 18 27 23 44 67 20 71 14 20 41 40 24 98 3 64 
65 92 38 79 15 20 2 34 57 31 62 65 53 56 48 56 25 66 16 25 3 48 44 23 63 91 65 62 21 54 28 
27 57 57 36 73 12 68 32 46 56 4 68 12 19 0 1 27 5 34 87 43 64 48 68 20 93 70 15 42 42 43 
46 80 46 92 29 65 1 26 47 5 66 95 91 22 87 31 98 98 80 17 19 42 31 0 40 53 36 22 8 32 97 
28 70 62 5 80 33 67 35 13 21 30 94 40 67 8 91 56 37 77 63 47 85 97 44 0 72 36 55 13 75 63 
83 11 38 43 37 25 50 72 72 55 73 59 64 67 15 61 92 9 80 72 61 16 49 73 30 92 81 84 10 29 89 
47 25 74 56 6 10 12 70 8 9 86 11 35 49 53 20 54 35 0 41 60 99 33 58 45 63 68 69 61 66 46 
98 97 17 70 55 51 97 72 9 86 10 95 19 74 85 9 98 14 54 62 22 39 8 53 69 90 69 31 34 87 50 
18 98 53 96 47 47 13 42 29 84 27 75 65 85 40 59 91 52 22 34 10 70 54 33 57 26 12 62 70 71 82 
62 43 8 22 10 21 32 94 23 72 59 58 60 34 86 13 3 55 63 37 35 90 41 58 45 99 28 98 8 53 96 
54 23 28 57 25 71 43 66 5 35 91 66 67 80 80 61 1 57 62 79 44 36 8 84 77 32 13 88 48 72 67 
21 7 32 29 92 13 42 66 5 30 91 93 84 88 25 76 29 44 34 91 63 19 67 93 57 37 15 22 37 95 58 
90 83 89 18 55 70 35 73 86 62 45 25 79 10 86 45 86 16 26 86 50 12 29 59 89 6 32 97 15 25 46 
2 64 96 20 24 41 75 78 71 59 20 10 56 55 47 24 14 9 57 59 56 12 85 86 19 24 2 96 22 75 5 
50 48 34 54 56 27 27 82 51 95 76 15 69 89 59 1 95 54 83 69 48 16 8 40 11 1 25 57 83 15 74 
72 67 40 0 40 30 2 70 56 1 70 63 43 74 87 66 10 66 70 82 98 7 30 30 39 76 63 97 79 87 8 
76 40 84 13 81 42 88 37 52 45 73 5 54 20 1 39 45 58 39 43 59 26 69 19 90 2 52 90 40 40 78 
27 94 54 42 65 86 92 39 13 15 24 98 26 66 6 14 84 22 34 38 87 53 72 42 43 13 46 20 70 6 80 
78 98 66 13 72 42 68 99 63 41 67 54 65 30 22 10 10 38 84 38 56 75 34 84 10 85 18 7 59 11 23 
96 46 61 83 70 71 30 8 41 77 41 34 59 42 45 12 38 95 30 23 93 24 6 52 86 34 57 9 49 98 57 
62 79 57 63 78 37 6 19 97 32 51 90 10 94 64 3 42 28 82 79 48 93 87 54 84 10 84 4 59 71 56 
20 28 21 49 12 77 66 94 94 97 31 46 40 78 16 35 28 93 79 79 46 2 51 13 26 42 84 90 77 14 30 
94 52 89 62 93 45 59 48 18 15 50 5 51 97 51 49 80 99 65 63 18 66 45 14 9 61 9 65 10 64 89 
21 43 13 77 42 1 13 24 36 71 78 58 37 24 4 72 64 15 2 9 92 28 59 1 80 56 17 55 59 81 78 
69 33 64 54 79 57 52 89 69 17 68 55 73 36 6 58 29 26 87 20 63 55 83 70 79 10 65 8 74 56 68 
