95
42 32 6 73 20 89 97 33 1 53 11 5 95 2 25 83 69 52 13 46 30 74 62 47 69 16 78 85 70 9 39 40 72 32 57 22 45 44 43 97 74 13 86 16 43 1 75 89 69 12 8 56 65 48 29 50 40 46 45 32 17 50 84 67 70 49 73 29 19 42 61 15 61 14 95 72 78 1 79 37 79 35 10 62 15 11 75 16 12 95 56 97 21 89 88 
78 93 43 97 31 38 43 16 86 74 13 41 50 52 57 57 7 45 64 21 9 57 83 48 41 80 36 94 39 17 18 45 12 2 44 38 52 23 78 92 50 33 65 28 69 48 28 52 80 77 95 4 48 42 12 12 45 64 20 3 95 2 41 17 80 39 91 87 71 30 5 64 7 3 26 28 27 23 12 82 54 4 73 80 48 39 57 74 68 51 92 76 8 87 54 
44 43 9 93 72 49 34 99 90 50 38 49 34 1 52 31 81 79 87 37 99 81 63 12 71 35 99 55 24 87 69 25 84 78 9 64 9 34 64 31 84 62 91 45 81 94 99 19 14 14 92 84 27 62 79 31 99 9 55 5 3 68 95 2 39 78 85 28 31 85 23 46 87 86 31 87 33 47 22 94 61 56 1 41 79 24 23 63 66 61 75 91 89 14 90 
49 18 70 75 47 28 39 35 9 82 0 92 38 11 56 46 29 85 87 28 97 64 11 50 25 40 81 15 76 71 62 42 69 5 42 34 88 59 24 30 54 99 15 16 2 62 84 70 16 19 48 75 95 72 31 64 35 56 45 75 81 8 60 22 8 80 30 85 24 69 71 77 74 64 84 25 68 34 88 83 83 28 36 85 87 78 35 98 50 87 39 7 37 32 95 
94 92 22 6 18 13 32 85 87 41 6 21 93 63 51 8 88 42 93 6 77 94 82 79 52 86 53 76 23 1 24 20 39 90 1 86 7 39 3 9 62 11 85 99 6 8 62 87 10 40 89 66 61 35 29 89 65 15 14 81 83 43 86 27 69 22 55 39 74 80 42 24 74 32 33 55 54 30 26 82 60 11 62 76 60 2 42 91 97 88 85 57 71 6 45 
39 23 89 65 55 14 63 94 86 92 31 77 48 67 21 47 45 24 50 46 32 97 12 57 42 14 83 48 76 43 11 34 37 30 29 50 76 83 9 49 59 31 86 62 62 99 70 10 39 98 68 3 15 26 65 15 53 97 30 25 54 39 64 19 93 21 26 67 85 44 40 10 2 92 95 20 85 77 12 49 37 87 98 41 99 62 39 94 77 88 55 53 43 48 37 
95 10 1 38 45 50 63 80 14 16 87 32 75 45 65 32 91 47 67 89 54 58 41 96 64 62 43 16 79 15 16 53 42 9 65 0 38 28 19 40 99 56 67 83 46 23 58 21 9 20 1 59 76 23 95 40 85 11 70 47 33 7 20 12 84 58 90 72 94 33 68 68 60 92 96 77 50 58 62 84 57 37 53 65 40 58 8 30 47 61 83 38 45 2 32 
3 58 80 51 21 3 3 26 49 29 73 63 18 40 53 8 56 33 86 88 11 74 79 28 78 40 71 41 42 80 43 29 65 3 32 25 69 59 89 45 30 26 78 84 22 33 54 76 17 92 50 18 49 10 70 11 21 99 63 2 3 69 20 33 74 44 98 75 90 99 39 9 67 76 25 70 29 4 32 34 68 7 46 82 75 83 36 85 94 25 95 90 61 54 21 
13 51 47 41 6 33 95 49 70 61 74 83 70 31 95 52 81 4 28 33 81 72 38 20 70 70 45 19 14 84 29 84 30 24 74 46 6 22 11 71 28 35 45 27 43 48 96 20 31 97 42 56 98 94 83 93 46 4 31 33 85 27 11 62 90 67 12 8 18 45 70 77 23 18 47 94 34 84 37 2 71 28 17 63 58 55 42 17 53 52 71 58 68 68 28 
72 95 6 94 8 86 26 93 48 75 29 94 84 26 34 66 36 73 29 10 70 40 97 11 79 11 71 49 65 3 9 8 13 55 81 87 34 43 77 36 31 48 93 5 24 16 20 77 84 93 70 8 28 65 62 57 92 56 20 62 32 9 76 86 17 36 79 51 94 69 70 55 13 10 29 61 63 7 16 68 81 47 65 27 50 0 11 81 74 44 76 65 36 95 67 
51 36 72 96 34 79 19 25 17 0 10 61 73 37 4 59 68 55 99 62 0 55 78 32 67 91 43 58 43 37 12 51 67 38 73 53 97 10 62 85 44 88 46 42 73 61 70 22 25 71 14 4 61 37 86 46 91 82 62 62 7 42 68 73 30 44 94 25 42 82 17 12 50 31 71 27 29 84 54 79 23 11 18 91 88 29 69 50 68 34 99 53 33 24 73 
95 52 44 30 45 44 8 84 92 52 19 69 84 2 54 16 59 9 21 84 36 85 86 3 23 24 18 99 31 57 42 92 22 36 76 63 28 52 92 13 34 49 10 29 58 95 98 19 50 0 8 72 34 46 54 87 12 77 87 47 30 23 49 56 25 75 55 44 46 40 54 29 47 91 86 89 85 44 41 91 67 40 16 42 46 57 66 97 5 67 62 73 16 84 77 
2 30 25 1 36 44 75 49 15 93 36 98 19 51 97 99 29 44 5 57 23 99 93 77 14 21 0 88 26 49 7 66 73 96 82 74 21 41 97 29 1 37 57 86 41 47 43 75 37 16 87 67 49 89 11 20 66 82 2 31 27 52 33 39 70 86 65 71 38 30 43 40 47 67 14 42 72 30 17 70 2 50 97 19 17 9 49 43 36 26 35 1 30 53 80 
89 48 26 95 38 83 18 48 76 2 95 86 7 9 70 59 16 49 96 84 99 96 74 53 37 85 75 93 37 69 17 70 83 53 6 60 97 64 1 48 10 93 60 22 91 90 3 2 40 97 48 20 17 8 33 35 83 56 39 64 19 62 7 86 70 69 48 92 59 45 96 47 37 41 80 51 88 1 31 13 47 82 75 17 48 26 49 77 37 30 19 90 48 91 87 
5 66 69 10 91 88 14 94 30 90 66 70 98 73 93 25 68 29 94 54 38 72 79 6 45 42 2 55 69 42 2 14 58 30 89 5 84 44 27 24 52 65 55 61 78 22 1 2 67 1 54 79 65 9 21 13 86 24 81 15 14 23 29 99 17 75 80 61 52 39 68 41 81 81 28 38 42 87 51 84 43 56 89 19 36 28 26 9 29 8 10 87 61 98 31 
23 26 65 38 30 91 81 17 25 98 39 78 70 81 81 17 35 11 5 25 65 3 59 36 35 84 37 34 2 74 35 55 77 38 51 48 16 65 95 50 49 5 15 81 51 12 14 13 93 55 18 82 99 72 52 21 86 85 93 8 70 8 46 23 34 40 50 62 70 33 20 59 64 5 52 0 66 99 56 6 61 64 76 1 76 29 94 68 91 28 28 61 37 68 95 
26 21 60 42 31 34 53 28 16 3 15 3 12 27 17 82 76 40 41 10 49 76 71 9 16 85 63 47 80 65 54 82 52 62 54 26 0 35 27 31 37 89 29 0 12 62 52 4 50 8 78 94 71 50 82 61 23 96 84 50 54 28 42 44 32 66 3 47 24 12 19 9 54 27 46 78 5 23 82 90 22 9 99 85 71 55 42 74 28 8 94 29 59 84 67 
68 52 84 14 73 4 90 15 19 32 52 90 42 74 17 8 56 7 66 17 70 28 84 47 77 98 23 57 7 18 3 59 50 35 85 80 43 67 2 97 71 41 96 33 72 20 54 61 7 69 67 95 3 58 67 44 84 19 30 58 17 32 30 24 98 49 71 31 18 42 98 75 51 38 76 8 71 50 29 11 45 8 33 45 45 58 29 2 89 74 67 32 99 24 61 
79 76 86 77 1 58 80 83 11 54 75 39 14 20 73 33 40 28 84 43 80 7 20 78 85 71 7 9 39 72 2 40 91 8 2 9 33 94 86 29 25 0 49 25 96 46 48 7 29 43 81 97 22 87 59 78 96 10 78 29 72 13 91 18 6 59 85 55 12 23 88 8 87 85 54 15 16 75 40 12 14 34 3 44 57 58 8 73 57 86 19 98 77 30 71 
97 90 79 99 55 20 17 0 12 67 97 88 68 16 32 77 46 95 49 38 79 17 7 54 31 74 64 54 57 21 98 9 84 0 90 32 86 71 75 65 84 54 17 69 45 87 32 18 82 63 29 78 23 4 27 10 95 64 74 83 21 89 14 70 6 92 7 84 40 85 66 93 94 64 47 26 85 14 65 15 56 87 68 55 67 76 94 75 63 15 86 89 6 99 21 
41 77 85 26 55 28 68 66 56 17 25 13 32 17 64 20 97 8 71 80 69 0 41 59 26 49 82 59 51 53 97 28 23 31 13 88 77 94 46 98 88 56 48 2 42 12 93 65 40 33 55 20 92 41 17 87 6 7 99 1 70 5 22 15 35 37 46 51 43 82 62 59 46 40 18 66 83 78 65 99 3 49 58 68 13 14 78 38 76 63 12 44 63 86 31 
90 50 83 89 61 19 22 49 88 92 90 83 13 49 4 17 23 66 55 6 28 54 88 79 52 39 58 21 93 26 41 66 64 84 9 10 1 34 7 41 58 38 56 15 20 86 81 99 24 35 10 37 16 88 78 80 80 60 20 8 74 51 78 74 30 4 95 32 66 20 63 64 21 59 51 98 26 44 30 66 91 15 16 64 29 19 44 70 74 3 77 20 61 66 55 
67 83 18 29 12 3 42 97 34 73 56 35 59 98 70 2 79 24 41 99 58 6 16 39 16 68 83 1 68 61 27 87 38 20 7 83 42 69 30 30 65 73 16 52 71 42 59 45 16 94 14 64 33 14 49 43 58 52 76 8 69 18 47 91 58 17 51 29 18 29 61 69 31 82 8 17 42 9 97 44 48 39 33 43 3 79 51 66 52 66 95 30 27 76 60 
53 95 93 53 42 44 92 68 6 15 59 51 48 84 63 27 58 63 0 43 4 85 77 23 75 47 27 8 74 45 63 27 77 1 50 37 60 99 60 13 70 85 17 54 60 64 1 33 44 18 68 79 75 51 42 47 39 46 99 94 94 68 91 84 57 73 89 20 85 4 7 54 96 2 96 32 48 39 65 67 89 28 97 71 60 92 27 21 60 30 42 98 64 29 13 
72 96 38 25 38 18 79 12 89 85 49 0 94 93 61 29 33 5 85 36 95 27 42 77 79 58 41 23 87 74 13 4 65 75 8 8 2 12 56 43 72 4 2 32 52 80 86 60 66 1 17 40 4 47 83 3 51 43 45 55 86 94 3 96 77 88 56 42 13 37 94 77 5 74 58 56 13 7 86 54 84 12 81 74 65 90 80 77 39 6 93 74 62 81 86 
97 22 11 17 29 46 78 95 68 82 18 8 22 29 75 16 63 98 47 88 14 67 74 64 79 45 80 10 15 76 83 29 55 46 51 7 43 10 39 13 22 30 92 36 32 93 28 49 27 80 5 62 95 14 81 1 41 24 79 46 87 35 12 29 42 67 28 74 33 8 27 17 54 44 49 46 91 29 2 53 15 30 62 40 94 33 77 93 35 63 59 43 53 28 84 
70 19 39 66 3 22 29 56 14 4 66 24 55 62 88 73 88 53 36 63 96 11 89 27 21 22 8 38 25 55 94 63 63 89 60 54 65 3 60 53 50 36 67 41 38 82 39 45 85 75 55 39 61 37 49 95 29 52 62 71 30 87 22 29 94 35 28 28 64 8 42 61 87 98 2 61 23 87 5 61 25 12 21 47 16 81 10 13 28 95 65 55 96 21 11 
5 53 79 22 95 85 20 27 90 6 66 53 52 46 48 6 91 76 32 83 6 83 67 63 45 24 2 72 48 70 34 26 93 65 69 25 35 78 44 22 54 87 89 15 12 56 34 52 41 22 47 13 20 37 98 88 83 87 97 1 82 24 22 79 31 57 79 3 61 10 35 19 6 53 82 24 71 60 17 56 45 23 58 99 62 10 91 31 59 54 65 7 60 55 37 
21 60 83 94 51 48 82 35 91 71 5 65 96 69 50 4 1 25 54 59 10 12 82 73 45 16 25 56 14 82 18 94 84 5 21 63 88 96 80 2 42 23 28 94 39 29 59 64 40 38 88 44 32 84 50 62 45 36 87 96 50 77 13 58 53 64 88 77 96 14 43 8 87 51 3 93 32 23 78 41 60 88 33 64 46 4 29 40 97 9 1 4 95 76 5 
0 72 26 84 8 86 94 43 2 51 75 33 78 85 48 27 2 31 19 85 87 72 52 60 19 33 1 35 68 85 95 93 29 40 31 33 4 66 46 12 40 21 10 53 34 57 19 30 28 57 35 28 69 39 83 61 60 10 70 25 92 16 95 1 57 50 11 14 65 44 92 7 22 37 66 90 31 96 65 96 26 47 92 93 2 33 57 10 23 67 93 47 20 24 19 
89 19 89 85 56 20 60 60 39 35 25 46 97 91 11 97 92 98 89 70 89 3 80 91 78 12 57 18 96 16 53 96 70 40 66 27 91 79 30 69 20 0 66 41 98 49 48 67 30 34 26 72 4 23 38 16 58 70 16 41 33 61 51 69 7 8 76 80 39 92 2 43 47 29 83 25 20 61 56 60 59 94 30 40 5 21 93 61 81 14 95 22 42 26 50 
95 8 34 52 55 4 30 72 11 91 21 29 76 8 56 47 31 98 35 74 8 18 95 47 5 71 7 43 29 95 2 82 29 53 28 97 25 97 25 28 68 68 97 55 15 35 40 65 5 35 57 6 77 13 56 66 40 64 87 51 66 48 3 24 59 31 59 64 47 15 81 98 83 35 96 3 70 70 43 74 93 22 60 9 12 67 61 32 95 89 71 39 92 64 93 
78 86 85 22 16 35 54 94 10 23 94 75 89 5 60 8 71 8 80 63 79 67 60 44 35 93 12 18 68 1 52 6 37 61 36 51 10 6 34 93 68 20 87 70 86 16 80 38 26 56 92 83 38 47 87 59 78 10 76 26 30 59 56 59 77 4 66 94 46 36 30 36 8 7 42 0 1 3 5 20 72 76 74 83 47 72 42 8 76 59 22 28 24 55 15 
29 43 48 17 13 15 29 55 45 38 27 65 95 83 62 36 71 93 89 27 65 73 42 15 45 23 36 44 23 51 38 39 27 97 37 0 58 69 97 73 63 71 88 30 4 36 37 65 0 6 65 50 50 49 12 3 57 26 32 81 64 50 98 34 5 28 74 40 69 57 59 60 26 1 43 8 98 63 55 31 4 85 4 63 93 90 56 29 21 37 15 37 23 62 8 
13 39 25 71 7 56 43 49 20 19 13 80 60 27 61 70 64 61 36 57 74 88 94 33 43 95 95 33 1 8 19 76 36 57 34 84 43 89 78 46 76 92 40 14 56 32 61 88 78 29 13 32 52 4 61 62 75 25 98 15 80 74 11 97 50 44 5 66 28 76 47 97 69 23 40 1 70 32 43 90 54 31 38 42 8 8 92 45 38 41 13 69 82 25 45 
13 65 74 72 37 36 18 45 31 47 10 94 34 30 76 21 9 60 31 53 82 14 45 94 84 44 25 88 58 35 59 71 95 3 41 57 35 85 15 9 17 2 7 59 0 6 4 84 39 15 38 76 84 59 15 0 12 72 64 71 34 24 54 45 58 5 72 66 99 22 79 18 37 33 53 85 91 24 3 74 97 8 54 5 81 61 77 94 9 4 6 86 5 80 2 
68 56 14 51 69 94 8 97 85 32 33 81 10 84 31 34 15 75 75 21 10 24 74 17 91 39 42 35 89 41 99 89 12 63 96 58 53 46 26 78 93 10 46 77 0 42 60 57 55 92 12 26 26 18 78 12 15 58 11 76 0 75 90 45 64 37 53 74 65 23 11 26 3 3 72 83 69 58 81 95 4 86 51 33 88 14 71 21 15 14 3 80 27 97 55 
27 57 60 70 21 95 96 34 76 58 7 23 73 51 19 16 45 49 52 71 22 18 5 75 78 51 59 21 22 38 94 29 10 86 69 55 41 66 37 4 25 71 65 74 33 48 97 97 47 28 73 82 77 91 50 37 7 46 32 2 4 37 11 61 91 95 12 56 53 50 62 51 16 97 47 42 30 83 37 98 96 29 55 33 58 79 37 86 42 77 95 70 5 1 87 
21 21 50 85 76 53 70 80 50 14 97 43 87 12 71 46 53 37 5 40 47 90 93 31 97 57 19 6 61 82 0 94 20 50 28 64 24 33 20 31 26 87 75 75 69 64 6 81 89 74 0 81 23 20 23 43 98 56 93 59 7 81 91 9 66 92 16 52 4 97 99 22 29 31 22 21 87 76 7 17 74 86 97 47 28 48 80 18 93 49 46 16 15 44 42 
35 7 55 51 71 28 10 87 29 17 13 18 98 43 46 82 31 1 50 40 88 3 38 8 19 79 46 51 30 58 25 26 57 20 49 24 79 47 18 4 65 46 74 9 74 91 69 6 22 29 10 58 77 44 78 87 70 19 55 39 1 28 94 5 94 56 95 40 26 82 19 90 25 46 85 20 65 4 16 21 66 58 9 75 18 23 40 73 36 25 22 83 41 33 74 
68 35 4 72 82 78 73 4 85 17 51 99 57 75 65 10 74 92 21 84 14 22 3 85 94 72 77 80 43 26 65 33 32 83 58 62 16 0 52 93 85 38 96 48 4 32 60 32 5 87 53 42 0 7 69 59 42 23 20 68 86 80 7 84 71 22 52 82 78 41 59 38 22 43 77 43 72 92 15 31 74 83 66 80 92 16 45 96 41 48 89 12 84 59 68 
85 22 93 37 20 41 67 81 40 96 93 87 33 94 7 71 56 9 29 20 18 23 52 23 51 43 35 56 61 78 98 56 38 78 83 42 47 97 75 59 5 67 47 53 46 85 12 71 46 74 24 0 20 68 45 27 0 88 13 22 95 80 99 66 2 33 4 22 96 49 48 49 39 7 62 51 86 10 9 57 36 41 57 16 9 16 57 44 24 84 13 14 33 21 24 
20 33 45 5 29 6 45 12 95 69 4 37 34 40 68 84 3 48 34 91 83 30 74 9 95 29 12 16 84 12 13 87 20 67 64 30 87 86 82 18 69 99 30 0 20 16 20 22 54 10 89 15 14 86 27 21 56 41 94 33 64 75 41 46 55 12 64 69 85 52 48 18 78 57 14 8 7 4 18 56 34 16 18 36 91 15 70 13 35 19 43 16 71 24 17 
6 57 76 80 5 61 68 90 91 23 67 74 12 43 54 92 40 87 8 97 38 9 74 60 57 95 78 71 78 68 20 76 55 21 24 67 35 70 73 61 62 80 62 7 68 10 34 97 87 68 40 62 34 32 42 81 97 78 9 31 46 31 74 71 21 41 63 67 5 37 64 44 76 37 17 86 1 42 26 31 81 67 46 78 79 89 61 20 57 26 89 61 25 57 68 
73 56 71 41 63 23 96 8 24 71 93 43 65 95 38 64 50 73 90 37 59 38 19 44 85 93 67 91 18 66 92 63 11 52 32 98 47 63 58 50 56 44 89 82 49 17 51 80 63 21 25 45 62 46 62 86 53 36 23 92 71 89 55 98 16 28 95 26 74 24 67 74 53 19 13 66 7 95 92 4 10 76 14 62 0 99 6 76 80 44 48 70 18 43 7 
23 57 86 38 57 42 7 48 95 66 76 9 25 1 89 1 46 86 37 95 49 47 6 60 26 25 27 48 63 69 83 86 71 94 60 47 88 50 14 72 94 28 95 73 24 41 24 26 98 96 70 13 52 36 98 47 39 1 38 4 50 14 54 95 65 41 28 35 29 70 5 27 19 47 92 20 88 53 40 32 22 35 93 16 17 4 44 83 0 35 89 59 51 35 39 
26 59 41 48 14 26 22 82 49 90 54 78 59 48 11 79 5 91 84 7 88 11 1 47 53 13 52 41 28 11 70 67 15 78 60 81 11 62 86 28 67 86 13 15 94 35 77 88 4 76 54 28 36 18 20 87 80 90 19 88 78 88 73 85 23 81 6 39 64 93 94 72 52 91 21 29 17 4 85 44 34 47 98 85 18 10 38 25 12 58 61 55 70 72 6 
73 89 9 32 42 51 4 42 68 80 23 90 90 83 88 58 97 33 1 39 16 56 8 70 48 73 61 93 21 8 26 99 48 81 98 50 18 41 37 78 88 44 56 43 88 37 84 7 3 36 54 94 73 62 26 95 77 92 25 24 92 40 46 27 1 44 35 75 83 97 66 70 31 98 86 60 20 55 37 10 5 31 29 82 22 38 30 31 75 4 16 21 75 73 88 
17 64 9 37 88 73 85 26 6 57 85 3 90 42 97 81 26 11 11 55 72 78 82 55 40 71 25 74 41 41 48 76 67 70 8 52 84 80 83 40 58 75 38 21 53 10 31 50 42 81 10 31 47 36 36 33 88 11 92 85 91 84 73 18 36 91 78 51 76 43 60 63 34 12 95 52 60 0 60 35 12 40 91 38 44 34 74 12 74 54 79 67 88 22 52 
15 60 25 33 95 87 80 0 96 2 28 11 78 68 20 61 60 59 56 55 0 83 62 32 92 17 73 97 56 8 0 52 10 79 51 83 64 10 29 91 96 43 28 34 93 76 82 98 58 71 64 16 45 19 90 52 90 67 58 35 57 74 78 43 39 1 22 12 93 48 39 56 56 71 55 0 69 33 37 87 7 44 84 93 64 65 68 32 48 71 37 63 42 42 81 
63 30 9 16 94 71 6 10 68 50 3 82 22 91 86 67 71 41 78 33 18 70 96 77 17 28 57 21 20 55 86 11 61 47 81 36 31 58 43 26 83 76 24 48 7 51 56 66 28 39 85 46 99 58 0 5 83 5 28 42 2 31 99 40 12 74 28 27 34 97 12 19 65 65 8 66 4 77 47 12 12 52 13 87 73 57 14 24 66 39 94 9 5 55 23 
34 6 52 98 12 60 69 0 81 49 10 0 14 99 52 70 11 83 75 50 57 43 55 86 38 41 99 66 49 2 91 90 8 65 15 71 12 48 70 64 44 13 97 69 63 42 89 25 76 87 81 84 51 62 27 87 51 77 59 80 22 28 58 75 42 82 61 95 14 70 39 84 40 59 87 13 99 84 40 37 43 94 3 15 74 8 71 42 30 66 17 28 21 51 73 
79 47 49 81 26 10 70 13 83 80 44 93 10 94 98 88 30 60 14 50 75 81 43 36 70 49 56 51 38 98 60 79 65 48 29 27 1 89 17 27 73 74 83 74 18 0 79 14 83 19 61 0 20 41 22 9 40 94 18 35 62 63 18 57 30 98 92 36 14 34 57 43 87 0 38 62 91 14 71 13 24 8 35 87 50 73 86 84 67 67 30 72 12 27 49 
11 17 55 44 74 46 46 72 19 17 88 31 17 79 3 54 2 30 10 78 6 81 13 54 45 8 70 18 78 32 11 90 89 75 24 2 23 25 64 34 23 82 84 95 63 96 40 33 25 85 19 16 66 74 90 30 54 27 96 31 10 22 89 15 86 64 85 81 57 31 97 78 68 31 85 62 33 64 80 42 86 44 1 42 25 67 83 6 57 51 85 72 18 27 9 
86 27 39 70 71 74 73 23 4 2 95 11 11 17 5 20 52 0 0 26 92 48 85 49 83 35 20 41 15 68 93 45 19 71 44 27 66 17 21 49 64 61 39 38 75 25 82 3 48 12 0 96 50 68 81 78 52 11 63 64 66 11 33 27 76 15 32 88 43 87 68 68 66 40 26 70 63 20 23 73 52 29 85 36 43 52 5 65 5 46 67 42 14 35 71 
47 31 11 43 28 2 70 67 86 19 24 41 31 8 46 95 59 27 84 54 38 80 88 18 8 46 39 78 67 51 76 75 0 55 15 52 21 35 92 80 71 50 16 71 28 21 67 24 4 9 49 68 75 21 68 81 23 36 80 37 46 36 42 38 50 25 86 43 29 65 83 53 34 92 57 25 3 41 95 9 41 35 75 30 44 30 88 24 94 30 95 62 57 71 54 
78 30 51 88 93 6 73 17 48 95 15 79 50 3 3 47 50 57 92 63 33 56 35 53 9 86 8 48 1 70 90 50 56 7 27 95 66 74 87 89 75 99 77 85 59 19 64 54 83 44 16 77 21 98 3 89 18 35 35 45 33 87 26 12 13 50 17 9 37 74 3 31 64 97 2 36 91 68 64 43 40 3 19 96 72 14 15 22 21 4 90 8 51 98 2 
95 95 2 79 79 31 70 24 88 21 29 40 52 39 86 74 4 96 25 38 81 45 7 79 7 36 69 93 9 82 32 16 27 88 48 59 28 75 38 44 22 52 76 9 77 99 6 76 57 41 27 92 48 6 79 23 16 17 86 72 77 87 57 30 36 62 54 8 77 18 26 73 87 71 70 96 98 98 98 12 88 58 24 53 25 79 80 34 93 27 56 24 80 61 45 
41 67 35 51 15 98 23 18 76 78 96 13 21 31 53 67 87 74 23 37 18 11 58 83 33 67 33 87 4 34 57 4 5 86 45 56 74 34 71 86 0 79 1 51 89 82 27 28 72 64 25 0 97 74 88 97 80 52 61 18 76 82 42 70 1 91 2 83 51 22 37 94 15 30 69 76 59 81 96 11 81 13 14 68 65 52 7 36 27 94 2 65 85 13 13 
67 99 85 28 32 62 74 22 93 39 3 20 63 55 81 9 47 80 25 87 82 99 63 79 13 54 92 19 96 82 66 18 74 93 68 81 30 17 53 78 13 77 14 1 96 89 25 34 55 66 80 32 24 17 11 39 80 92 98 86 25 31 23 88 9 68 96 0 49 98 80 68 92 0 48 74 24 82 46 26 45 15 38 69 22 34 89 56 68 86 64 62 21 72 97 
87 34 24 97 76 54 60 10 68 15 82 96 86 54 37 28 74 11 3 27 98 67 54 57 65 51 44 14 79 14 98 27 68 50 28 12 47 68 79 53 75 30 33 42 85 83 31 70 57 22 69 44 92 71 61 83 51 0 70 53 93 39 60 19 91 42 77 95 44 87 16 63 81 21 86 38 7 14 78 17 48 75 10 44 1 63 24 58 97 62 51 3 96 89 70 
78 99 96 79 28 99 8 54 16 29 24 73 28 68 51 84 8 59 36 50 55 46 70 10 83 12 31 1 34 68 7 85 19 60 69 18 2 44 90 1 66 12 79 18 64 88 43 76 85 92 94 89 77 28 4 4 62 0 81 82 73 61 85 99 75 75 89 14 17 79 94 78 34 65 90 68 83 87 97 99 42 46 9 50 90 25 82 40 18 43 13 71 88 67 0 
10 70 84 96 22 37 55 3 60 19 52 21 81 55 89 82 3 75 43 64 39 58 6 40 48 88 36 47 3 31 22 4 82 76 82 69 92 75 26 78 71 55 95 35 55 58 62 85 10 14 43 65 90 2 28 72 99 19 25 31 76 31 34 19 50 24 78 50 53 77 3 78 99 31 35 90 66 75 70 22 96 68 27 43 4 52 5 8 70 45 46 61 52 50 7 
63 17 74 11 94 0 81 86 19 49 55 55 64 60 38 45 6 67 8 95 57 0 26 63 64 8 71 36 85 0 6 29 88 42 16 34 60 76 42 99 14 3 46 80 31 27 48 27 0 49 24 46 53 24 91 8 3 69 40 71 95 63 86 20 57 6 92 10 13 96 64 98 86 60 49 69 41 48 95 44 45 69 77 32 69 98 43 82 81 97 2 38 55 39 94 
88 30 95 43 60 74 61 55 87 11 93 91 64 79 23 65 77 72 8 95 87 82 3 70 87 79 81 66 94 96 62 70 74 84 44 80 40 37 27 35 55 46 84 61 9 77 12 68 84 69 72 85 16 80 43 45 53 44 11 3 30 12 9 70 96 86 93 40 49 27 6 37 64 79 76 27 93 75 67 30 62 61 75 8 81 59 81 42 55 41 46 43 51 69 16 
47 3 25 79 39 91 76 69 80 71 13 45 21 91 65 23 10 3 39 49 67 82 91 78 27 76 81 83 3 0 17 47 96 31 71 9 84 3 0 33 51 0 20 60 18 0 91 85 37 12 12 32 95 94 24 82 87 2 68 12 30 94 62 1 0 73 3 43 84 29 71 10 16 75 92 88 42 64 36 61 77 87 63 10 88 98 6 81 26 76 99 96 10 12 93 
91 53 7 15 41 47 76 56 76 27 33 6 97 3 42 14 2 52 34 72 30 46 53 85 59 44 86 89 39 96 31 70 85 66 27 87 84 48 16 73 63 62 92 66 15 55 71 83 42 4 91 36 8 84 36 36 11 90 88 19 42 55 34 61 63 56 91 95 51 72 62 61 6 14 21 91 19 99 14 41 27 59 35 63 17 63 15 61 63 46 89 32 36 40 6 
98 73 73 13 68 19 30 38 99 82 16 9 61 36 58 63 26 62 76 47 15 32 2 17 62 45 90 35 24 61 63 42 28 18 55 27 2 70 4 27 12 95 51 2 64 42 41 75 95 46 63 98 34 21 98 14 12 74 29 81 64 69 51 11 37 47 85 55 52 82 56 18 77 93 11 45 1 38 72 98 68 61 17 15 36 65 3 43 60 45 15 39 19 21 73 
77 4 4 38 23 50 66 82 70 36 55 84 19 36 47 14 47 97 1 72 20 16 47 76 72 60 31 40 9 70 96 9 59 52 97 72 57 96 23 11 40 86 86 2 34 12 45 24 23 46 31 46 63 66 23 30 24 33 25 8 67 4 30 82 73 63 33 51 3 59 75 7 67 75 46 5 64 13 48 22 62 51 3 70 14 99 25 57 99 43 53 80 17 21 84 
53 52 87 46 81 51 79 64 78 60 19 27 6 67 88 77 15 90 92 61 32 44 38 38 96 38 18 39 90 67 58 92 42 92 81 70 68 68 51 98 11 70 18 77 51 33 64 47 32 18 89 24 8 40 3 53 36 89 61 29 24 85 30 69 64 36 25 89 66 74 75 27 91 46 99 63 66 1 29 34 45 72 69 25 34 48 87 10 13 75 42 17 17 91 86 
8 76 77 31 33 1 64 48 41 33 24 68 34 78 26 16 87 77 20 90 4 82 11 98 53 26 49 55 72 93 10 85 15 10 54 19 52 92 88 41 71 99 11 75 70 56 30 32 12 37 51 58 93 81 9 58 75 16 22 54 42 72 60 32 81 53 8 89 95 35 37 46 5 26 39 42 27 18 92 98 68 77 69 42 60 34 98 78 39 47 59 73 38 11 18 
90 78 58 2 20 6 47 39 56 32 45 33 3 37 33 23 97 36 48 13 22 96 25 77 63 77 66 43 58 2 64 60 47 6 25 29 54 17 62 66 46 95 58 81 15 75 78 49 65 78 63 99 42 10 90 72 15 62 62 35 35 96 33 27 64 2 37 32 50 92 58 46 49 2 54 14 22 14 60 9 47 89 22 56 10 14 9 54 10 13 39 82 57 93 85 
21 28 9 31 36 35 78 49 83 40 26 36 16 40 74 95 55 3 97 24 12 30 16 14 95 66 86 4 65 16 77 92 27 67 56 23 24 86 24 41 85 7 82 37 72 5 2 27 43 63 18 62 14 46 15 38 39 98 29 14 11 32 43 26 58 10 45 8 25 88 22 94 48 27 22 45 38 29 76 80 57 94 45 3 95 10 84 55 6 47 71 41 41 85 16 
91 76 72 50 83 51 67 35 86 60 76 38 60 21 72 14 58 73 21 45 25 34 17 71 75 88 63 91 36 71 98 1 76 58 38 74 19 1 80 73 58 89 16 87 33 78 86 69 70 22 94 50 73 56 17 28 77 57 6 69 68 68 17 31 87 5 3 10 33 99 59 94 27 55 45 32 61 52 54 25 15 74 12 93 58 28 80 19 89 90 94 6 73 88 52 
73 58 7 76 77 41 10 8 55 11 42 23 85 79 52 66 81 89 80 60 89 62 87 56 95 32 29 82 77 54 80 57 85 48 74 0 51 63 42 70 40 60 30 73 98 52 69 80 34 4 93 93 22 62 28 27 49 20 43 67 66 60 36 22 93 41 97 47 8 14 18 83 28 89 23 51 28 12 64 85 97 16 75 16 21 93 68 50 53 11 24 3 69 6 23 
56 99 58 19 70 85 55 87 10 16 35 2 98 54 10 9 78 71 25 7 88 32 21 14 61 51 51 4 74 95 29 38 79 31 61 70 32 40 57 12 18 40 52 57 49 85 95 59 57 15 40 21 5 97 87 7 52 46 6 28 67 67 89 88 60 71 68 32 34 32 93 81 17 36 45 65 37 3 59 2 79 39 3 41 16 24 30 87 3 59 59 58 30 73 30 
94 9 93 61 71 79 42 95 64 49 32 23 46 37 50 69 7 24 61 40 39 16 39 88 17 14 54 27 7 63 94 19 67 14 26 58 18 47 80 67 30 95 87 1 45 77 61 74 54 87 99 54 56 62 76 94 25 72 91 56 76 91 1 81 56 49 54 30 49 27 37 92 6 87 63 27 96 74 73 18 42 14 61 65 90 29 10 83 24 75 70 80 59 78 30 
7 76 93 21 22 15 74 37 31 22 69 70 45 41 87 44 44 47 24 77 42 90 33 34 44 34 77 18 57 53 27 45 14 0 45 70 72 86 89 69 59 14 21 92 95 54 8 96 77 54 12 73 47 28 3 59 97 86 12 40 69 87 2 83 26 31 15 51 97 25 91 12 49 31 95 87 38 13 98 65 9 91 64 43 70 17 2 9 1 77 78 12 7 63 60 
99 11 2 61 10 18 84 96 86 61 56 47 37 80 0 33 69 35 69 78 4 49 15 7 80 98 62 48 66 3 55 44 73 32 85 49 79 86 95 65 35 38 66 37 91 11 45 32 46 84 97 99 75 74 20 45 36 73 98 42 50 70 14 74 78 9 91 45 24 21 10 65 12 49 9 80 25 46 30 51 55 63 2 87 99 0 98 28 90 65 60 76 11 66 11 
71 28 0 84 66 35 51 41 5 76 70 36 10 15 29 53 6 93 82 57 63 63 76 15 49 9 40 77 34 94 33 8 71 61 75 13 32 49 44 8 20 35 96 79 33 20 96 52 58 23 38 17 97 80 32 45 19 94 10 32 96 87 50 63 56 37 27 86 59 54 57 95 2 30 88 39 74 38 4 81 91 29 54 35 5 18 98 62 31 15 73 34 98 65 65 
98 52 78 27 46 27 70 24 78 68 83 98 36 37 7 43 55 84 27 52 14 97 80 72 48 48 42 31 46 55 86 46 60 79 34 44 89 19 9 7 1 9 13 5 49 6 35 43 30 37 97 45 83 0 28 8 57 74 79 52 49 21 88 49 17 12 12 86 93 33 82 45 4 6 41 34 23 41 88 63 77 95 76 5 46 93 96 69 43 10 80 54 6 26 32 
14 8 55 61 36 75 84 70 50 47 10 25 29 73 74 32 43 78 61 71 7 58 50 1 51 12 20 83 11 54 92 54 70 43 77 56 23 21 15 33 70 3 81 52 49 4 25 49 79 52 19 91 44 99 1 42 59 75 2 71 59 53 61 1 40 81 9 85 83 3 95 58 38 74 64 22 83 71 70 12 95 79 94 26 23 90 56 53 59 84 18 92 71 66 90 
39 16 26 40 48 91 33 93 19 40 93 7 63 39 51 61 24 16 47 69 34 77 23 93 36 97 98 64 23 7 49 87 86 26 46 85 90 56 89 15 94 66 44 12 96 24 79 17 12 20 24 93 31 54 1 5 60 71 67 7 87 63 56 20 79 42 61 16 10 86 78 86 40 83 12 49 4 47 72 3 43 85 86 89 11 41 92 68 73 27 22 75 44 26 12 
57 45 84 55 42 60 36 82 50 13 99 63 86 28 67 65 36 98 46 53 65 88 92 94 66 87 68 15 41 19 41 15 70 78 45 96 50 96 59 41 35 20 86 50 30 46 86 11 78 65 15 73 10 69 44 8 79 41 27 22 72 35 24 85 55 52 51 0 77 95 30 44 61 42 41 86 97 92 90 22 62 79 8 86 56 50 12 76 95 60 58 43 80 24 82 
93 23 4 8 87 58 60 11 46 63 47 78 57 84 13 11 68 44 50 30 24 17 64 46 30 69 64 91 26 22 14 48 68 20 54 47 33 17 35 12 68 3 39 39 57 70 86 30 44 44 72 15 27 95 50 67 45 11 13 44 67 58 90 61 37 48 17 0 18 47 33 65 10 80 18 83 96 76 66 55 16 14 78 37 71 26 96 82 18 31 51 15 46 10 6 
14 33 33 99 64 30 7 89 19 43 53 99 13 88 49 61 66 1 42 80 15 4 13 27 16 85 87 41 79 7 89 5 87 59 77 46 41 41 38 55 94 20 11 44 20 67 93 43 34 34 84 37 37 26 80 41 77 24 69 0 1 30 92 24 60 32 65 35 13 52 71 71 26 72 39 23 5 31 9 13 92 87 35 83 39 2 8 28 32 58 26 72 63 35 5 
1 8 48 73 33 22 65 62 94 66 11 83 72 85 51 92 61 3 66 29 68 89 2 60 24 30 65 26 40 14 30 3 83 32 30 93 94 82 25 80 31 99 75 32 77 73 74 50 6 12 24 12 48 44 87 37 23 67 49 97 98 23 99 3 70 3 6 89 52 56 72 4 38 52 21 82 76 80 46 0 29 47 27 65 73 91 5 42 67 62 91 27 0 61 26 
88 71 10 85 61 72 57 27 39 52 99 84 57 62 10 50 18 32 4 27 93 38 77 53 67 28 24 27 84 15 80 8 3 89 77 55 0 10 71 88 28 91 89 1 92 47 11 89 3 34 50 80 62 46 68 81 81 84 25 76 32 67 80 63 43 76 48 59 80 98 48 52 35 2 25 19 53 87 23 89 71 3 33 36 45 46 47 75 83 85 8 46 82 79 13 
72 56 4 78 77 95 99 74 64 41 6 17 31 59 53 46 25 10 76 15 18 82 6 39 29 5 62 18 74 44 1 84 60 99 30 87 82 11 62 95 10 38 65 30 12 61 58 77 21 93 96 82 64 37 37 18 80 12 71 15 8 92 83 39 65 39 89 9 54 34 23 34 24 44 30 15 64 80 58 90 41 24 71 63 18 21 88 18 73 80 29 34 71 0 50 
84 60 13 69 94 24 93 94 67 20 29 9 85 43 17 89 39 93 78 65 9 93 72 0 45 83 12 51 8 72 30 69 62 94 44 99 27 33 56 22 71 28 85 30 12 14 2 67 23 65 83 27 65 4 76 14 57 9 4 9 36 26 99 50 53 29 12 2 99 92 51 45 44 35 79 58 79 57 8 51 6 41 3 8 87 52 23 13 45 69 64 55 92 46 47 
47 77 27 30 50 79 38 74 33 0 92 7 64 56 27 43 58 89 85 91 56 34 65 95 8 82 45 13 62 90 43 14 13 23 18 9 43 43 26 45 90 34 13 50 13 64 64 83 76 74 57 7 56 35 90 34 86 70 7 99 69 98 26 60 80 33 0 2 62 66 69 0 66 2 21 99 71 38 93 0 1 55 61 54 82 18 96 34 88 51 70 5 16 61 82 
53 96 73 91 84 98 9 70 2 99 80 67 95 8 60 34 98 12 30 57 36 21 2 22 36 30 35 25 3 72 47 52 13 8 30 61 40 47 72 82 17 19 96 1 64 19 42 42 52 75 97 65 22 34 20 96 32 55 68 74 58 35 20 76 87 73 64 17 9 34 86 93 47 0 18 10 37 21 90 78 96 16 15 81 35 3 4 88 70 81 29 24 69 8 99 
85 17 87 95 50 35 89 88 10 22 62 87 26 92 32 2 85 52 52 17 33 3 63 73 83 30 70 18 39 36 28 73 39 89 26 35 10 66 35 74 33 8 31 94 20 1 83 10 56 26 78 25 1 31 62 80 60 83 7 68 91 88 61 1 79 84 69 49 80 60 1 71 71 86 77 59 46 52 51 8 70 44 0 5 26 38 72 25 12 91 3 53 88 36 30 
80 29 47 34 67 16 90 45 20 0 12 29 46 23 54 21 10 44 47 88 99 82 97 10 27 38 20 40 67 42 61 31 58 84 64 23 27 73 74 26 96 19 70 75 91 71 39 34 52 65 27 31 33 94 27 63 43 20 72 44 0 0 10 44 27 76 64 0 16 9 19 8 13 88 80 11 54 86 25 1 80 6 24 92 58 63 5 96 64 30 97 68 86 44 75 
90 46 95 23 87 50 87 66 83 88 21 46 52 88 60 51 59 63 39 14 81 46 27 38 31 76 65 36 84 36 29 37 56 95 62 45 66 85 15 54 20 28 3 92 76 91 9 10 87 76 46 9 76 58 51 14 26 36 12 18 40 19 52 92 95 76 32 29 15 34 69 0 30 47 33 1 89 65 77 48 29 65 2 53 94 32 40 58 32 79 48 97 31 53 99 
