35
6 32 40 19 32 45 58 23 13 63 83 76 29 74 20 33 95 1 76 86 16 9 54 88 83 39 82 15 27 21 25 11 59 45 18 
77 7 23 0 25 17 46 73 34 91 91 49 52 85 27 99 54 84 51 37 8 76 73 28 97 78 92 59 27 70 60 68 51 81 93 
13 45 68 64 90 80 97 89 53 82 10 96 26 51 56 14 76 25 46 75 29 49 31 94 30 84 55 56 52 61 73 55 40 63 66 
52 69 51 30 73 7 12 40 64 96 83 12 3 31 1 65 5 70 80 86 55 13 59 14 2 54 14 43 89 32 35 64 70 66 82 
71 16 72 85 70 28 54 75 90 31 78 86 14 92 16 49 38 47 21 15 91 1 16 12 40 71 46 89 96 39 18 18 51 65 93 
52 67 36 2 86 79 36 72 95 19 4 19 61 99 42 26 56 27 98 28 64 16 85 22 77 51 10 51 11 71 51 83 56 77 31 
30 54 54 11 83 44 6 63 93 79 2 20 0 50 96 28 89 17 62 42 83 24 98 23 88 45 90 94 5 18 71 37 42 80 20 
40 29 49 61 71 8 21 47 52 35 93 99 91 8 77 94 76 59 53 99 91 58 23 37 33 6 35 97 90 0 75 0 91 30 70 
41 4 43 81 33 96 70 78 69 52 56 49 37 97 36 80 28 81 75 13 63 74 65 72 43 59 74 28 56 60 84 84 15 33 14 
63 25 90 46 35 92 22 1 24 91 34 79 49 63 74 2 53 93 19 95 7 37 0 47 35 80 39 21 45 25 26 6 13 58 32 
71 34 93 70 67 71 39 27 43 52 58 61 75 21 23 14 0 90 10 68 44 51 17 63 78 75 97 60 26 93 69 60 65 98 93 
63 58 54 18 53 34 13 75 83 34 66 16 93 83 32 4 11 51 61 71 58 23 41 26 10 30 3 41 47 63 31 62 85 63 60 
47 62 74 53 92 82 0 55 52 65 29 81 34 97 62 21 97 86 92 63 43 21 2 80 87 57 94 37 62 81 13 46 35 42 64 
6 80 73 12 25 76 14 19 50 4 60 21 2 47 65 52 61 78 84 63 0 26 26 26 97 23 43 49 76 1 51 48 86 94 13 
11 52 36 40 71 13 74 1 30 85 90 33 61 79 81 99 76 71 47 38 31 81 19 53 9 17 58 60 78 0 8 49 83 75 79 
11 29 32 25 58 27 30 10 19 1 50 54 63 89 96 93 33 21 15 72 85 91 54 74 73 25 48 81 46 58 99 90 50 55 5 
31 14 47 4 34 35 72 33 40 12 87 16 49 18 95 58 4 51 99 91 31 25 98 74 32 62 99 84 84 47 39 58 21 30 23 
48 47 9 44 56 23 8 40 62 58 95 66 54 74 62 27 19 36 34 57 79 19 56 55 21 45 45 50 82 19 41 65 38 68 85 
23 11 30 93 55 4 77 94 50 87 49 34 17 91 7 26 74 93 25 61 16 99 63 47 8 50 53 27 87 29 34 75 90 66 99 
47 53 47 62 37 75 21 83 4 32 95 60 94 5 90 46 88 77 58 15 66 4 40 43 89 8 58 88 23 33 81 45 1 48 30 
96 46 57 85 59 3 0 86 96 62 45 9 74 54 87 17 56 79 28 18 14 54 29 37 67 68 64 40 92 43 11 79 99 34 51 
77 88 19 46 81 63 15 3 98 1 58 67 65 48 20 2 18 96 79 65 69 94 32 75 28 12 73 22 39 85 38 18 43 52 29 
21 96 24 67 19 33 71 88 34 58 95 54 75 22 90 47 52 43 94 37 33 28 65 53 77 41 79 32 58 10 62 80 77 98 20 
34 69 11 7 5 64 79 66 57 71 1 5 55 82 35 74 13 15 80 11 56 65 26 3 53 10 46 82 25 47 16 54 86 84 6 
11 36 19 17 84 45 41 43 99 30 80 32 15 26 65 28 10 20 9 10 25 24 88 15 24 3 54 45 98 54 29 96 83 66 21 
92 50 66 70 61 9 64 69 27 60 1 18 8 6 36 66 57 4 63 54 26 92 47 94 10 18 74 0 84 1 54 89 15 12 59 
7 65 44 14 9 75 2 22 80 65 39 1 62 94 13 37 49 65 66 12 39 7 47 41 5 46 50 52 19 83 49 26 21 33 74 
55 80 81 49 9 17 93 93 94 27 33 67 41 57 66 10 94 10 52 16 36 72 50 26 89 72 68 41 74 99 80 21 75 43 81 
8 38 26 90 32 36 88 92 7 89 17 92 44 74 74 92 94 76 24 60 17 56 10 25 41 34 67 38 55 19 41 71 76 81 91 
47 52 57 10 1 48 55 30 19 84 35 59 80 68 15 38 24 43 14 52 67 97 31 43 87 42 47 31 30 68 89 71 32 46 52 
64 25 51 53 1 99 34 17 57 23 64 46 18 43 72 54 3 41 20 30 81 75 32 69 3 83 68 0 51 45 16 39 86 35 80 
1 95 85 50 89 21 35 50 49 60 40 65 64 77 24 99 13 33 18 19 52 27 53 33 36 44 66 47 62 0 60 93 32 59 63 
80 75 66 85 55 60 19 15 28 21 77 32 77 85 5 21 90 13 46 17 43 71 55 80 51 57 39 16 93 78 72 63 44 18 8 
28 6 79 80 28 86 32 23 77 54 2 75 79 68 74 45 95 5 47 39 89 97 37 58 58 62 7 45 68 95 70 16 50 80 18 
24 27 44 30 99 10 12 72 76 56 87 91 6 91 28 57 18 67 59 2 41 3 52 47 15 2 91 75 37 56 17 48 44 28 92 
