82
56 28 33 80 16 78 40 9 75 26 21 19 86 74 62 48 56 20 80 0 79 95 77 66 67 20 72 1 7 13 67 90 56 74 71 49 98 75 60 6 50 65 88 51 54 53 49 11 89 11 7 86 10 49 68 32 44 84 20 76 37 92 5 91 67 88 64 93 72 63 71 28 78 55 74 35 75 60 73 62 55 97 
43 57 60 72 44 26 44 96 50 73 94 5 31 44 78 47 12 32 35 14 13 75 74 50 84 98 1 52 60 47 71 10 99 37 52 33 82 44 66 24 29 81 70 56 10 2 60 42 58 98 69 37 31 76 23 67 22 99 68 68 28 23 85 66 29 54 70 91 33 10 31 68 34 14 85 45 72 80 94 47 0 51 
87 56 44 67 41 91 23 55 52 40 29 33 60 61 43 12 70 46 33 39 14 47 25 26 99 69 92 72 92 69 0 88 66 61 84 64 87 36 85 63 1 29 85 66 17 90 98 56 36 87 78 72 12 55 50 80 0 0 22 96 25 12 15 24 36 23 80 30 57 15 98 52 75 62 14 86 87 11 6 17 80 38 
89 40 76 90 25 92 12 9 31 68 5 83 24 62 27 71 66 86 44 67 75 64 34 31 48 36 71 42 94 55 14 9 57 9 63 45 41 99 11 64 90 41 41 56 65 68 61 99 36 11 40 90 0 69 43 21 41 17 72 57 68 38 38 26 10 8 36 33 87 51 85 81 75 43 73 29 80 1 96 18 70 87 
12 83 32 26 76 3 63 49 19 58 50 18 36 69 64 36 68 4 15 66 30 82 6 34 32 95 58 42 79 49 10 87 4 90 29 12 90 10 53 88 28 46 85 31 44 53 76 7 78 71 61 6 15 72 56 81 67 46 99 29 33 63 2 10 90 62 25 37 97 25 27 37 94 69 64 6 74 98 85 2 3 18 
48 45 58 69 40 81 53 98 22 44 76 45 45 6 19 16 85 10 50 53 22 20 25 31 21 53 62 5 15 92 83 61 82 26 84 44 90 5 63 95 36 1 7 34 48 36 34 57 0 16 79 97 45 39 62 48 42 94 21 33 59 47 13 39 41 58 2 34 3 10 28 89 58 86 25 6 2 99 76 99 84 38 
97 93 28 36 33 96 44 80 61 39 72 60 17 22 9 39 86 46 61 44 53 96 53 2 68 6 3 16 68 3 23 16 5 66 71 11 29 99 35 59 75 54 54 38 28 1 44 43 57 88 98 31 21 68 72 66 91 57 91 99 19 29 54 30 5 15 83 34 2 41 26 68 44 38 93 11 98 63 92 64 4 1 
66 10 61 20 94 8 10 28 54 72 28 13 97 76 78 69 99 98 65 85 71 81 94 72 26 56 18 33 11 68 97 0 12 38 52 38 18 13 21 86 73 22 93 91 3 19 65 11 95 46 90 21 20 88 26 3 36 12 57 44 79 74 58 34 3 98 83 12 89 98 59 27 47 9 14 7 65 85 48 89 8 64 
40 51 58 59 9 56 63 4 22 10 28 86 69 6 62 35 54 3 47 38 22 80 17 59 84 32 92 84 61 76 17 9 56 16 84 68 37 90 28 40 29 36 60 37 72 37 46 37 35 64 55 1 77 64 98 50 90 88 85 15 39 27 42 97 89 64 88 30 99 57 58 75 48 82 1 97 74 62 85 31 65 21 
70 95 88 20 74 90 10 93 43 62 25 95 75 31 64 47 76 54 16 22 89 82 0 64 48 72 34 21 22 58 10 95 85 88 71 59 9 9 73 97 29 65 57 75 89 4 48 69 25 62 86 84 41 25 56 6 61 93 74 71 57 30 3 74 2 73 90 21 55 53 29 26 74 77 34 15 59 96 18 58 59 76 
51 4 71 87 58 80 8 12 40 51 95 79 3 53 49 32 9 19 81 10 10 1 87 60 55 12 9 46 13 98 77 54 78 73 26 65 94 97 16 41 58 57 43 96 86 2 68 19 32 13 94 62 51 94 32 64 78 65 64 99 22 17 25 74 90 60 10 99 21 39 2 28 91 34 69 93 97 92 81 77 68 97 
51 35 77 45 8 28 6 63 63 66 53 54 13 95 37 84 64 24 10 88 94 1 75 74 6 28 36 38 1 10 23 61 90 25 27 2 57 32 54 41 58 76 97 75 18 57 6 21 87 29 66 46 48 25 38 71 60 79 10 22 56 75 70 97 13 58 97 97 61 20 28 11 57 33 22 6 52 41 60 35 63 58 
1 55 15 95 59 47 77 46 68 74 13 54 41 8 40 36 29 94 41 12 43 58 1 73 61 85 86 41 37 88 8 70 34 4 81 87 28 22 13 11 1 15 78 88 4 90 49 35 61 28 60 5 59 29 89 59 18 26 65 55 64 89 15 74 57 45 64 85 4 15 42 44 18 26 13 22 4 28 18 45 77 37 
64 41 80 13 85 40 32 86 73 81 29 0 35 42 23 34 53 89 15 82 46 1 99 49 55 39 95 9 70 47 14 43 99 30 98 29 34 55 15 69 86 1 31 52 4 41 36 87 71 23 57 88 28 99 18 9 8 47 38 49 81 48 27 52 30 43 61 2 35 33 28 7 60 99 36 62 38 24 27 8 8 36 
26 72 5 86 86 18 7 38 38 93 12 26 53 18 45 36 85 3 48 86 43 48 34 69 87 45 46 70 33 92 78 58 18 75 24 94 85 91 41 69 33 72 70 22 35 82 80 25 34 64 57 25 91 15 69 24 4 94 15 84 5 85 6 39 53 40 21 30 95 62 63 22 97 91 63 16 46 68 58 31 48 10 
43 99 49 70 9 85 67 12 22 98 24 82 92 54 11 7 40 7 29 94 30 99 32 17 84 43 70 32 44 0 91 24 81 44 60 96 78 6 44 35 61 84 85 70 83 27 92 29 93 1 15 50 41 39 20 95 31 20 94 66 54 90 43 34 7 40 93 40 28 9 59 76 50 13 65 70 9 31 5 41 49 11 
68 60 70 57 15 28 18 46 43 70 36 96 68 13 33 50 79 32 14 81 84 62 52 82 23 79 40 4 64 48 31 42 24 82 75 24 7 68 49 6 80 19 53 6 19 4 4 74 51 86 45 35 99 29 32 90 64 23 17 96 62 13 76 33 9 85 94 5 18 36 58 16 5 43 39 48 70 32 91 94 97 55 
33 49 16 26 9 62 20 15 80 77 15 16 43 22 16 1 67 53 54 95 59 12 11 68 12 10 94 20 30 20 72 67 82 44 99 5 15 98 49 99 80 69 31 14 64 34 79 14 52 53 26 42 43 77 98 52 5 53 3 97 46 36 32 50 35 21 81 92 94 62 6 23 70 3 35 19 67 36 98 16 95 0 
41 84 99 72 33 45 97 0 94 46 74 48 58 88 49 95 8 42 2 25 65 90 62 92 29 73 36 42 48 47 61 22 81 53 34 96 25 40 30 70 9 79 70 70 66 33 24 30 89 0 0 80 38 26 64 30 66 58 88 33 58 95 34 7 1 6 64 6 1 94 54 81 50 73 55 30 51 33 64 98 12 28 
96 94 27 54 0 11 99 46 86 0 76 52 94 27 1 38 1 14 34 97 78 52 87 27 59 10 25 75 53 91 22 78 32 28 65 9 85 65 42 52 79 81 32 57 84 70 36 14 9 31 76 1 42 24 9 18 4 76 81 89 98 74 77 8 78 62 22 4 96 26 17 32 17 29 5 52 6 69 48 1 17 66 
1 16 77 31 97 85 30 44 51 61 44 45 42 29 57 11 82 36 9 5 94 51 54 23 89 87 86 94 16 95 44 7 56 41 77 31 21 84 39 51 90 25 59 58 26 82 77 72 60 31 12 2 87 40 9 57 96 20 0 31 92 41 27 38 47 80 68 11 99 76 77 61 63 43 27 40 55 77 15 53 81 98 
40 74 94 3 83 28 79 69 50 31 12 34 13 26 58 88 7 66 58 20 59 38 45 80 27 87 47 94 33 73 88 17 91 35 13 29 31 51 82 75 34 98 88 71 10 63 50 95 77 34 97 57 58 9 85 60 68 39 0 20 53 6 90 20 15 71 39 21 21 11 48 58 58 33 68 87 2 43 31 27 68 47 
26 6 88 31 78 15 2 81 0 11 31 45 10 79 77 81 67 92 77 16 33 14 7 86 72 94 65 96 24 41 90 11 43 31 67 48 49 25 93 51 41 95 10 53 77 21 92 37 31 1 40 13 2 43 72 55 68 5 0 34 94 50 32 48 30 93 71 67 49 34 73 87 9 81 46 92 46 60 54 11 42 25 
65 63 91 84 88 34 64 39 18 95 20 36 50 36 58 63 42 53 3 21 93 52 78 73 7 34 82 51 53 35 75 19 40 90 51 3 58 29 28 93 92 57 34 36 47 69 39 62 66 9 43 0 78 54 78 42 41 48 13 1 6 65 96 95 89 25 7 79 79 56 32 30 68 20 18 14 53 62 8 77 18 20 
72 61 8 25 64 44 73 78 94 23 93 86 36 22 5 25 2 35 63 53 37 71 28 22 25 69 58 23 31 40 23 86 58 94 7 1 67 48 54 40 5 46 69 69 67 19 47 50 97 44 21 1 33 30 72 36 58 15 75 41 55 96 15 55 42 61 74 83 41 21 65 5 43 84 7 18 13 63 88 47 67 91 
15 81 25 86 50 37 94 7 63 14 88 77 4 58 88 99 47 53 85 55 8 70 56 98 15 21 14 17 18 49 1 46 87 43 85 44 68 31 16 84 96 8 10 61 58 52 15 69 76 69 31 67 5 39 19 12 17 86 26 57 43 0 42 22 34 85 86 50 37 7 61 12 16 53 17 94 39 36 23 29 34 50 
35 29 27 7 0 50 37 89 88 64 10 59 79 3 52 14 50 36 85 5 96 37 88 67 1 48 85 3 50 15 68 4 96 27 87 15 33 8 66 99 6 81 40 3 39 1 56 82 2 53 49 96 39 44 68 21 62 86 19 13 17 97 44 0 32 51 72 87 51 13 2 66 56 68 71 64 79 80 11 58 19 9 
92 53 34 81 80 84 4 60 9 69 98 74 0 16 66 65 26 90 56 39 23 0 12 78 57 93 79 83 5 12 15 45 58 56 42 24 23 2 55 87 68 12 5 66 21 5 34 48 73 89 40 20 13 92 47 95 6 31 66 44 86 98 20 44 24 92 71 65 14 5 39 78 39 42 21 32 71 60 56 24 98 67 
22 38 54 82 97 70 32 97 64 13 54 39 12 87 64 10 20 48 69 67 8 9 78 99 55 90 21 60 68 74 12 97 19 79 88 83 46 75 61 21 18 32 64 67 89 53 20 5 77 69 80 74 74 13 18 46 51 70 68 77 74 5 23 71 19 68 13 37 94 75 84 16 36 55 78 10 65 62 40 58 79 76 
63 45 26 26 89 47 7 93 88 91 98 74 55 17 76 62 46 34 25 97 70 85 65 79 22 40 94 99 14 1 2 28 57 25 2 38 17 40 74 68 53 31 77 28 13 62 25 63 22 48 68 13 25 14 22 17 68 22 67 91 36 94 45 19 67 72 35 31 62 75 90 37 71 71 29 79 28 3 60 64 60 17 
53 44 11 52 78 71 46 2 83 70 53 84 25 47 17 19 1 73 54 28 31 53 85 49 83 48 84 75 85 52 95 64 17 1 20 27 78 22 82 18 16 33 50 67 17 54 26 31 69 7 75 41 46 60 9 48 31 50 62 43 25 85 68 66 5 69 82 54 25 41 29 49 81 28 14 77 22 6 92 75 57 85 
64 88 71 33 9 84 69 50 89 23 12 86 95 17 3 15 15 74 0 42 75 75 97 10 93 40 99 44 81 99 66 56 78 5 77 42 81 29 90 54 93 86 29 10 3 43 92 91 78 34 86 44 72 76 14 3 83 41 53 44 2 75 97 47 36 14 12 22 71 27 0 21 46 46 88 35 18 18 73 18 79 99 
44 63 67 12 35 39 44 23 27 14 59 91 88 91 10 97 81 60 29 87 96 17 5 24 3 7 82 48 56 55 39 9 29 34 46 64 88 63 17 43 98 34 51 60 17 11 56 18 48 90 32 39 99 82 49 43 95 80 48 0 23 55 53 7 66 18 63 71 49 39 49 49 26 55 60 80 90 39 27 51 84 66 
68 13 67 41 74 5 18 40 52 70 68 53 61 34 59 12 66 32 26 98 41 72 14 7 24 21 13 48 81 45 6 73 97 56 61 33 21 50 40 96 1 3 97 50 64 70 67 98 85 93 35 28 36 93 66 21 88 38 56 17 49 3 45 32 78 52 74 26 53 96 44 40 56 57 48 57 8 51 62 25 2 58 
80 53 78 76 7 40 11 23 77 99 4 99 94 93 13 25 36 57 94 49 55 68 57 66 55 18 4 44 1 57 70 25 37 7 87 64 97 62 3 8 59 1 60 98 60 5 60 31 73 5 40 14 80 44 12 1 41 66 61 29 32 46 1 3 42 39 27 99 59 9 86 66 97 31 40 84 84 44 20 43 79 43 
48 66 8 47 81 58 21 4 21 56 54 84 31 13 19 83 95 54 17 94 21 31 9 78 36 64 9 61 40 72 16 58 33 66 87 87 51 81 53 56 46 39 87 91 79 54 76 94 18 47 20 49 92 77 82 13 25 7 76 38 26 30 55 66 59 2 16 35 79 90 68 59 15 90 73 54 75 98 93 85 57 2 
44 54 54 99 44 49 5 92 65 50 96 37 59 56 79 5 3 74 17 81 14 73 57 7 29 75 33 25 14 63 66 99 20 85 53 9 38 53 34 44 63 60 79 17 58 87 16 64 37 25 49 63 82 52 10 52 66 8 38 23 83 48 35 21 57 2 79 87 54 93 16 35 22 18 50 70 43 52 50 94 41 41 
27 47 86 87 65 73 77 11 85 72 5 41 48 49 26 69 33 97 67 98 2 17 11 2 71 65 41 46 89 17 16 60 50 69 33 31 74 72 61 86 84 53 22 65 47 35 36 45 99 52 37 4 68 69 38 73 60 28 78 66 14 39 38 47 3 25 95 62 10 79 51 30 93 33 83 77 26 38 82 80 76 42 
68 97 50 32 18 83 30 25 77 47 76 88 86 90 90 95 64 43 68 2 34 31 57 76 80 44 0 83 37 64 37 29 16 23 0 57 79 48 37 79 50 25 43 21 69 73 11 11 20 51 44 31 88 65 51 98 54 35 17 30 1 90 38 36 13 70 51 33 3 0 5 74 41 77 43 50 46 16 13 70 27 93 
34 52 85 52 17 23 51 77 98 26 1 67 39 55 51 9 2 40 87 27 69 66 30 42 9 19 30 82 57 54 45 22 83 77 90 92 81 83 25 82 78 8 13 41 96 14 18 44 78 70 81 97 34 8 5 12 52 47 44 69 19 33 6 25 74 91 46 40 4 51 50 87 53 83 10 89 68 98 42 92 29 82 
53 33 56 86 53 28 61 7 64 91 7 78 26 42 39 94 78 34 62 33 71 19 44 81 44 83 16 25 99 64 33 20 2 69 43 42 4 17 70 91 16 70 69 1 77 46 15 26 82 69 55 51 77 58 17 11 10 15 96 45 69 60 77 74 57 39 14 23 9 44 97 42 86 56 56 15 23 20 97 86 61 32 
46 4 99 41 10 52 36 73 28 37 16 89 38 34 94 13 99 89 97 16 65 81 58 98 25 70 1 57 9 23 72 32 44 44 88 16 75 58 3 68 24 13 57 55 87 60 67 73 32 52 94 38 19 55 73 21 20 52 85 68 59 41 6 82 5 3 22 57 22 10 47 42 71 89 2 76 72 38 55 16 34 40 
5 25 58 73 34 71 53 7 64 90 24 3 83 68 69 66 79 27 41 79 43 45 90 61 0 18 37 78 56 6 0 46 66 65 82 59 10 32 43 37 2 69 7 14 85 63 80 99 5 59 47 59 8 19 97 86 87 13 43 41 46 63 68 1 49 43 79 60 21 26 11 21 96 0 72 1 33 23 29 40 39 55 
33 11 49 82 28 26 4 24 69 34 22 35 44 8 38 10 65 58 22 8 2 0 80 16 68 61 30 60 1 24 76 15 86 38 31 75 86 3 49 19 7 74 8 14 9 53 74 15 5 30 89 46 37 84 79 47 22 30 37 45 20 79 58 45 46 10 77 18 84 8 27 39 61 85 83 40 31 8 51 81 7 31 
27 23 87 39 6 49 6 40 1 24 58 13 84 32 61 84 0 67 26 21 63 7 60 70 59 89 5 27 94 48 33 63 32 53 22 79 47 65 96 66 87 32 46 55 2 41 47 3 59 34 64 83 55 88 35 98 73 0 21 27 83 57 93 71 99 62 39 6 4 75 5 64 58 4 49 95 32 14 17 16 7 7 
61 48 73 1 74 72 1 54 69 73 7 95 42 66 69 4 10 87 19 92 28 36 40 46 39 99 97 99 22 55 4 94 23 62 63 86 90 34 58 68 2 28 16 95 20 41 53 25 55 30 70 27 41 88 57 92 24 38 15 90 31 83 16 91 84 83 23 36 78 54 93 44 43 68 8 92 48 52 35 74 98 72 
71 44 12 77 2 83 96 8 29 38 51 33 2 1 73 29 63 26 86 48 9 59 22 21 57 66 56 42 77 3 94 79 8 56 46 38 7 75 14 73 91 12 26 69 20 26 14 15 53 93 10 77 31 77 69 11 25 22 31 40 36 68 68 85 43 59 46 56 59 68 19 81 57 14 28 62 11 76 66 26 0 48 
23 97 46 14 41 14 26 87 34 90 83 17 8 37 38 27 37 15 78 62 35 17 75 56 17 57 30 44 14 56 3 15 20 60 43 38 14 99 62 90 83 15 92 81 5 23 92 34 61 94 29 45 86 75 81 9 6 66 81 30 74 15 60 35 25 13 30 53 88 52 63 74 33 8 35 58 85 11 5 68 68 98 
40 5 11 17 88 29 98 24 61 14 2 21 30 91 63 53 41 31 62 3 11 88 92 53 69 83 6 65 20 16 73 19 14 53 56 90 34 73 6 28 10 64 38 88 5 20 1 27 31 11 41 35 92 50 44 77 9 7 41 33 67 2 89 84 96 51 43 2 84 64 12 22 99 12 33 79 92 77 7 25 2 79 
37 72 68 3 66 97 56 7 26 56 97 47 7 10 85 85 69 93 22 90 70 73 5 78 72 6 53 98 13 80 10 77 66 91 94 80 37 13 46 52 40 85 22 26 15 13 90 93 53 4 16 0 68 46 55 14 79 14 95 56 12 23 36 6 91 78 70 71 6 20 18 4 5 4 30 88 9 28 98 89 84 65 
50 93 52 9 54 88 54 33 82 15 55 72 48 39 5 67 95 52 91 79 48 24 67 25 76 4 6 64 74 90 87 22 53 90 20 97 53 47 8 45 42 93 18 80 93 70 17 37 87 94 94 26 49 64 99 4 90 90 1 85 69 4 88 18 31 6 3 63 21 13 39 44 39 52 46 86 48 64 56 76 73 25 
90 48 45 4 72 37 95 31 62 34 32 51 31 81 49 62 29 67 26 56 73 72 53 64 85 3 64 97 65 48 81 74 92 70 99 39 72 9 19 30 25 44 7 43 18 11 24 36 75 64 78 13 70 96 16 88 29 71 53 65 82 57 19 52 79 87 72 67 13 90 50 0 43 95 33 72 87 72 46 59 56 35 
64 72 60 65 56 88 66 46 1 55 25 31 79 55 55 52 47 95 56 70 36 28 55 78 6 42 3 89 41 41 88 7 38 5 45 1 93 61 2 43 69 93 8 11 61 48 28 85 9 74 29 56 86 38 77 90 19 48 62 28 79 66 0 21 84 12 23 78 15 34 15 34 96 74 63 84 49 35 7 62 9 54 
75 40 54 39 30 75 68 68 44 71 50 42 62 45 63 77 72 74 30 3 89 85 55 93 60 30 59 35 27 82 32 97 4 95 93 98 45 80 36 40 24 93 80 26 20 11 71 24 40 23 2 73 46 54 85 68 89 1 51 76 84 34 89 72 70 83 71 56 90 30 7 62 91 26 51 66 98 86 59 77 65 36 
84 84 28 26 72 73 91 45 53 78 66 57 81 15 70 46 12 76 33 56 98 8 69 67 25 48 90 31 0 95 77 61 6 6 58 60 96 97 66 6 97 46 74 29 7 10 43 6 12 30 79 39 57 95 2 30 64 86 90 61 69 96 49 31 81 9 88 73 94 68 94 45 27 16 99 83 32 33 51 45 72 67 
87 15 99 47 90 61 15 92 5 49 63 42 77 40 13 53 63 37 69 18 90 0 15 58 89 10 76 32 28 50 94 78 61 48 53 4 32 2 25 93 44 55 45 90 5 6 59 49 82 55 38 95 99 1 37 78 13 92 98 3 71 86 15 68 82 49 46 2 77 59 84 53 58 31 24 41 32 16 9 49 53 20 
49 7 45 11 34 80 34 2 46 58 92 83 44 52 44 75 43 73 81 15 47 57 47 32 11 45 55 6 64 6 40 84 5 2 64 6 0 75 8 11 13 52 95 55 75 2 53 81 35 32 16 2 18 72 67 6 3 79 10 72 29 55 36 54 14 95 92 63 80 99 51 92 23 31 35 72 82 11 69 36 19 33 
45 37 40 67 62 95 55 55 41 22 62 69 60 75 74 28 88 64 43 41 40 93 19 93 1 80 59 51 3 48 34 94 49 26 31 1 81 57 20 17 8 5 29 87 92 22 46 67 53 63 39 60 66 5 34 43 21 62 20 64 70 1 45 73 52 15 10 78 35 53 81 68 82 19 16 13 13 81 64 38 43 66 
69 13 33 33 23 78 95 90 63 52 45 58 68 84 14 59 9 23 85 58 51 26 36 74 61 96 74 34 40 63 82 39 66 51 2 41 59 84 46 53 22 19 25 31 58 20 31 58 92 19 58 85 66 58 18 57 22 67 7 89 73 59 5 61 36 43 40 77 53 18 64 77 27 48 32 38 23 41 26 48 67 7 
18 82 93 11 56 64 77 71 85 31 44 58 13 57 77 71 55 24 30 88 51 64 80 3 45 61 72 75 68 81 70 70 45 40 84 66 53 87 61 95 14 32 0 84 55 41 43 86 31 98 45 78 11 41 20 29 44 77 65 70 29 30 65 5 71 76 96 24 90 6 29 99 72 48 54 45 64 74 92 93 29 5 
87 11 6 43 86 81 58 77 61 6 9 17 44 42 81 82 97 19 27 54 11 40 26 50 6 89 87 41 30 14 40 99 75 69 39 21 76 87 70 38 21 27 15 76 31 12 70 89 58 76 80 66 90 93 65 99 62 27 6 33 91 45 92 48 54 98 9 44 93 52 12 56 40 69 89 38 26 28 15 6 4 43 
17 70 21 79 44 87 73 13 46 58 2 65 58 58 24 12 53 65 53 92 81 38 62 99 53 91 66 4 94 69 26 56 85 94 30 73 95 53 33 33 95 0 38 6 89 50 68 37 90 17 15 1 39 21 5 31 7 87 29 64 85 61 97 39 49 34 48 35 54 26 86 37 49 67 37 73 21 95 18 58 22 3 
89 70 40 81 18 23 77 39 40 31 48 15 72 27 45 78 71 66 10 1 89 35 64 76 62 65 58 51 23 52 27 54 2 64 84 69 8 0 81 85 31 93 93 47 88 46 77 86 11 74 58 11 10 4 43 70 45 58 73 59 43 25 58 13 42 57 45 54 89 98 89 55 6 11 90 4 64 82 12 31 28 73 
74 60 48 81 27 4 45 37 29 39 93 30 39 65 77 97 89 88 13 37 50 28 2 64 46 99 53 81 52 52 94 69 63 51 52 24 68 84 8 77 26 58 89 99 10 83 75 98 63 50 69 21 23 52 45 0 37 23 14 93 47 65 41 38 4 14 29 93 53 73 49 47 68 73 28 47 22 44 24 27 56 57 
48 58 3 15 33 64 8 22 20 24 90 70 37 91 37 22 67 98 24 16 48 38 56 72 2 92 97 62 52 73 51 80 47 72 25 65 88 76 70 6 87 0 64 43 2 80 38 82 80 86 91 83 13 75 45 22 66 5 9 11 15 50 48 9 38 67 2 87 91 94 71 51 38 82 15 61 8 46 80 48 41 73 
23 24 0 65 80 68 49 13 42 86 69 34 15 66 56 34 42 24 39 76 60 46 5 98 61 98 47 8 54 1 57 18 16 29 53 8 3 5 54 94 38 71 58 91 72 83 73 83 93 63 26 26 27 91 45 60 47 80 11 70 48 20 73 79 21 20 4 53 80 78 42 62 87 51 18 40 52 89 38 44 26 70 
26 47 42 70 50 79 84 94 64 61 10 58 64 50 88 48 49 67 50 63 77 6 90 16 5 90 26 16 83 99 50 65 49 3 65 82 67 89 26 12 94 25 53 63 24 56 91 10 12 54 2 88 89 70 39 68 40 79 91 56 75 90 97 62 45 67 34 12 85 65 83 18 10 4 96 98 65 22 62 16 9 83 
59 20 13 66 34 13 33 35 90 88 67 46 59 70 13 70 19 43 3 74 20 48 86 93 60 68 88 78 47 7 40 54 61 96 27 10 63 17 13 28 3 17 34 47 28 18 44 21 23 12 73 10 5 35 95 49 35 37 52 69 81 36 81 94 32 75 75 70 73 35 5 13 90 18 40 5 47 65 8 99 43 11 
41 3 26 61 14 50 63 96 14 39 79 14 5 31 61 78 6 30 97 68 87 43 71 4 15 32 69 34 32 48 54 75 40 62 14 36 73 7 71 38 78 51 54 89 94 97 70 53 12 42 27 70 4 32 35 91 4 60 22 31 88 5 28 26 93 15 46 51 21 1 56 27 95 15 50 5 5 9 30 20 56 25 
86 63 89 0 25 87 66 24 69 72 39 33 1 89 10 50 78 74 51 55 40 10 98 26 30 66 98 79 22 6 2 5 8 29 52 46 50 83 7 86 96 59 23 29 49 31 63 31 82 42 73 14 33 40 66 71 63 77 34 6 56 47 31 48 15 14 39 10 84 72 71 0 81 78 55 88 29 58 89 50 2 45 
5 57 31 97 79 52 50 36 27 38 23 41 43 99 24 77 68 85 29 57 35 16 97 67 7 90 24 39 63 55 17 57 77 28 44 92 18 99 84 9 79 83 51 98 57 59 54 14 81 34 20 91 34 24 40 64 67 64 47 93 78 17 32 84 67 96 42 50 23 41 84 99 60 26 13 11 66 42 23 18 68 21 
50 70 9 17 2 88 83 41 69 1 66 26 43 0 81 24 4 62 81 43 33 98 11 91 15 23 5 9 89 95 63 15 26 81 36 0 54 51 15 58 26 27 90 68 26 80 9 81 3 58 45 91 34 90 65 69 12 51 47 12 21 3 0 76 0 37 2 79 37 22 27 46 30 6 82 89 72 93 66 6 33 67 
50 18 20 84 68 44 25 23 55 66 31 25 9 82 40 34 47 42 59 59 7 9 89 23 31 87 86 49 59 7 68 84 13 12 23 46 38 73 60 50 10 85 39 40 13 47 63 16 45 3 40 32 55 60 32 74 93 31 72 25 58 85 40 79 50 64 74 58 58 75 20 37 4 28 64 47 11 55 60 58 17 17 
31 43 3 66 58 22 39 37 94 70 66 23 59 65 64 20 23 87 63 62 13 64 47 46 35 23 17 53 83 48 77 84 73 26 15 80 24 68 10 77 28 39 6 46 83 58 83 35 60 21 67 95 63 50 98 13 88 37 82 61 36 4 97 71 70 4 3 65 64 76 41 35 65 32 24 73 23 33 68 8 86 68 
29 73 59 8 3 99 23 66 82 80 64 68 88 64 14 46 87 6 96 29 73 87 82 89 71 9 88 99 70 77 64 16 0 81 12 9 18 49 48 29 21 21 98 52 67 45 81 90 8 70 16 4 25 1 71 98 83 96 20 91 14 60 84 22 70 6 95 55 24 4 90 9 18 45 7 62 81 35 50 50 92 5 
62 5 34 40 28 52 24 57 25 42 80 38 96 52 2 93 46 0 37 6 42 89 95 51 89 60 31 90 82 40 76 80 88 23 19 38 16 78 86 85 95 96 51 79 69 92 0 56 7 36 60 8 24 42 55 35 42 10 36 83 89 38 16 10 97 7 89 57 81 67 5 86 56 49 80 87 55 73 23 98 13 37 
78 86 24 21 22 10 5 25 9 4 23 19 17 91 21 68 27 23 29 13 5 64 82 24 98 50 38 7 81 32 29 80 42 19 65 7 96 79 87 25 62 97 72 15 45 56 41 75 86 54 81 63 2 6 80 69 53 80 93 2 29 13 38 72 48 97 96 70 85 31 14 14 78 64 3 67 18 32 24 96 46 63 
16 26 60 20 22 74 55 33 65 23 91 10 56 31 62 95 57 64 13 69 60 7 73 52 21 25 14 44 66 95 22 42 4 36 43 11 65 9 73 16 66 32 27 97 35 62 25 64 76 88 84 45 65 37 64 1 26 19 63 99 0 91 74 87 79 83 63 10 24 3 54 95 44 83 97 85 12 61 24 2 77 74 
83 56 55 60 71 90 29 4 19 18 4 49 31 50 38 37 36 5 63 75 43 76 23 99 1 75 50 91 65 75 27 30 28 89 28 67 29 93 84 84 92 60 84 76 1 11 45 12 38 61 11 62 79 41 98 88 15 42 93 17 92 84 51 77 16 45 31 27 50 20 13 79 36 37 44 54 11 61 11 39 89 50 
18 0 40 0 74 98 19 99 45 70 54 73 85 86 67 51 93 27 27 20 93 85 33 22 38 60 85 34 9 50 22 58 14 0 46 58 43 22 57 41 19 55 78 38 21 4 5 67 64 29 92 85 48 6 17 38 72 37 81 53 95 86 83 68 7 27 38 51 61 30 97 56 10 84 49 19 74 41 47 2 14 86 
16 95 53 15 90 62 9 15 28 25 89 29 9 65 43 77 7 79 67 4 12 1 90 77 11 4 81 80 79 99 67 77 12 82 42 91 31 89 98 3 84 55 67 89 5 59 64 57 30 22 46 43 24 99 80 65 67 13 10 10 78 23 1 88 43 22 5 42 59 67 54 0 81 59 84 49 85 37 45 48 87 52 
34 87 66 75 75 60 33 78 13 73 81 65 6 80 66 51 31 92 68 57 85 27 27 78 78 65 58 84 15 54 13 77 67 52 46 76 19 64 74 30 82 98 6 1 33 44 80 65 63 5 81 86 19 72 76 70 19 89 93 27 1 46 33 77 28 82 53 2 80 91 74 19 8 46 3 68 2 38 26 79 95 81 
