35
87 6 51 68 62 0 56 8 85 74 68 51 14 98 92 9 28 89 78 26 59 91 23 36 54 55 95 23 26 40 58 65 12 76 42 
5 12 0 8 99 65 49 44 51 56 74 22 52 5 34 49 68 41 49 37 2 46 63 68 79 97 53 29 21 42 57 69 46 39 76 
9 9 26 71 30 64 61 76 92 19 8 7 37 33 18 41 22 65 37 76 27 46 89 33 36 16 35 31 56 23 79 17 82 62 89 
4 28 19 80 23 80 50 57 44 47 59 2 64 60 64 60 62 2 88 36 60 98 75 66 67 67 20 44 54 4 34 37 16 52 26 
5 71 69 32 70 68 19 96 85 77 41 1 87 44 59 98 12 23 51 29 57 33 77 50 18 20 21 20 63 90 16 43 32 1 43 
90 8 61 77 71 3 84 25 6 21 72 23 19 43 41 15 8 96 89 43 99 85 42 63 64 26 64 52 88 13 40 87 51 42 45 
25 4 32 78 10 67 18 92 29 30 91 98 91 81 56 47 41 33 93 97 82 32 75 72 78 23 44 13 20 4 77 73 50 11 36 
74 58 65 27 98 43 69 78 55 82 36 89 31 23 11 42 36 4 30 73 4 4 55 93 15 42 33 52 66 65 77 96 29 64 32 
48 20 87 27 6 12 64 12 18 8 77 1 29 99 95 35 97 22 7 96 72 23 6 26 1 38 10 41 58 58 41 48 84 27 14 
85 89 91 86 70 4 8 98 59 84 87 46 62 82 3 3 3 93 80 14 22 40 26 53 2 3 9 43 40 84 56 56 41 89 11 
95 97 26 22 47 73 40 3 17 32 97 83 64 54 12 10 32 38 62 2 33 78 83 7 60 97 99 29 52 21 93 81 63 74 17 
29 28 56 93 91 61 53 6 70 37 79 74 18 80 25 54 42 63 72 39 95 3 30 74 79 16 59 92 63 34 17 16 18 24 98 
72 68 97 80 20 20 47 17 77 3 40 0 33 29 83 33 65 54 89 80 88 13 30 57 84 5 69 21 92 77 61 45 75 46 57 
42 27 25 94 12 94 22 90 19 91 5 53 27 22 67 49 91 10 53 59 70 88 73 55 52 64 23 57 48 0 24 57 7 20 17 
2 20 81 14 57 69 71 25 1 79 7 54 63 95 79 46 26 71 4 38 21 11 97 14 65 19 1 98 62 50 51 83 7 73 7 
63 50 4 50 40 38 86 38 52 23 7 8 91 37 54 39 69 73 25 14 39 49 59 35 56 39 28 67 45 32 68 98 38 47 93 
39 91 85 3 69 33 26 80 56 26 2 37 15 16 29 48 64 93 8 10 83 79 64 85 8 53 26 11 55 14 78 27 10 91 46 
6 78 99 99 33 88 49 90 74 47 43 64 77 34 90 68 14 59 23 50 80 56 93 21 40 71 20 11 20 33 94 93 63 59 16 
94 79 92 42 13 71 3 72 23 47 33 93 31 81 53 35 36 50 40 99 5 98 16 7 16 76 69 17 74 87 54 88 12 18 79 
63 82 95 39 22 76 31 17 37 50 65 56 63 94 22 31 48 21 77 92 23 11 9 64 68 8 56 1 54 67 41 53 13 11 50 
15 70 13 29 25 92 96 97 59 27 52 34 10 0 35 33 5 81 55 13 74 39 44 12 31 42 66 57 15 80 38 40 83 82 9 
40 69 36 71 30 8 28 87 39 80 59 57 59 89 80 1 57 75 74 10 57 19 77 22 14 69 64 40 46 47 10 85 45 22 82 
81 38 65 2 26 36 62 49 55 65 98 1 71 0 41 61 9 13 87 58 93 91 74 65 64 47 15 41 52 28 32 79 87 38 20 
80 13 15 31 50 27 5 74 27 15 51 39 79 75 56 22 45 53 6 58 62 8 54 59 43 34 16 10 33 9 95 80 46 5 33 
29 45 75 70 67 47 81 58 79 94 26 8 83 43 41 28 55 57 62 37 19 45 39 62 97 85 35 12 89 88 69 18 20 92 89 
44 67 31 91 64 1 80 63 74 60 24 30 60 22 1 59 59 19 58 40 66 28 55 12 61 82 44 93 85 37 46 46 95 17 2 
91 62 62 11 78 75 64 70 42 68 73 93 19 61 76 90 68 79 4 62 81 34 81 7 33 95 56 2 41 87 64 57 12 19 6 
21 42 30 87 20 20 92 96 62 18 45 16 10 23 82 52 52 42 47 61 63 58 15 56 97 17 17 58 58 46 37 36 87 33 18 
29 35 44 58 78 5 47 29 32 37 78 14 21 76 7 49 2 47 59 30 73 87 25 7 30 61 18 82 64 77 61 21 42 17 19 
44 20 32 87 71 16 88 48 41 54 73 51 55 32 20 36 0 32 17 22 15 8 49 99 62 71 23 39 23 62 46 44 78 18 56 
94 85 13 50 33 17 84 29 87 12 43 25 98 68 73 73 88 4 96 86 25 30 49 61 82 78 36 0 55 33 14 33 20 70 53 
68 49 86 66 62 40 10 47 6 68 24 51 36 22 42 45 9 13 6 37 79 8 32 42 45 44 89 31 63 72 74 65 92 85 93 
41 5 43 8 60 64 18 49 39 61 54 1 77 29 1 86 96 72 43 63 11 61 80 46 19 70 92 42 62 1 60 18 73 99 99 
15 78 23 60 42 52 10 18 30 83 87 79 97 33 58 28 45 92 87 66 27 38 65 82 24 54 37 90 61 17 86 98 85 69 17 
15 1 63 94 11 35 55 65 23 8 69 80 15 41 3 91 14 57 53 30 95 30 39 52 23 65 29 31 42 60 65 24 70 55 15 
