88
98 35 47 44 30 49 60 6 30 99 8 38 14 16 74 20 44 70 17 91 76 89 66 95 36 61 81 71 94 56 17 92 64 50 16 97 65 75 86 11 50 83 5 61 96 56 53 82 57 96 18 91 42 72 51 97 35 46 83 27 99 28 39 65 60 80 26 61 35 21 29 35 85 74 88 84 29 13 63 31 25 45 70 33 60 62 7 75 
11 64 1 66 25 23 54 19 94 46 38 57 91 74 67 64 35 51 81 64 97 75 99 79 34 94 26 40 87 49 50 5 24 74 23 0 25 65 21 70 65 7 59 29 54 80 58 40 16 31 69 5 85 85 99 70 78 94 33 77 59 94 42 63 10 40 9 20 74 6 57 42 83 24 97 48 79 14 3 46 60 61 59 46 4 1 57 41 
42 94 59 23 39 9 5 94 45 95 64 51 69 37 86 64 87 55 68 71 35 27 86 30 35 25 11 8 43 82 18 18 71 53 52 4 87 30 53 28 25 30 59 61 93 92 60 99 53 35 89 9 41 13 46 76 49 68 6 58 38 39 65 95 3 4 5 18 80 69 92 27 82 25 70 10 47 26 90 35 49 81 82 47 82 30 69 64 
94 21 75 14 24 78 28 79 56 90 81 41 26 98 70 14 41 9 45 13 78 58 6 88 55 28 14 21 85 67 45 99 46 85 38 45 98 9 25 74 0 15 37 46 52 61 61 85 44 98 21 86 87 69 30 74 0 81 86 99 67 60 75 99 61 43 71 6 75 37 41 81 5 68 31 49 71 73 27 20 84 6 9 59 81 75 67 49 
66 27 76 72 95 37 78 74 4 7 19 43 95 74 24 86 18 48 9 98 38 12 37 39 93 16 66 14 93 96 68 46 54 38 67 49 62 74 40 99 89 50 13 13 76 76 33 71 2 24 30 68 26 56 55 3 76 45 42 51 71 60 67 11 16 35 39 49 52 35 23 46 49 79 81 71 11 59 58 2 35 3 79 39 86 10 81 74 
83 11 91 84 14 59 22 10 40 5 41 69 28 68 20 47 69 75 88 99 83 99 5 41 96 61 50 25 35 7 62 38 55 41 8 39 78 9 86 98 70 77 68 33 90 81 15 11 47 49 41 18 49 36 91 99 1 99 37 24 76 81 59 38 9 84 54 8 40 46 55 55 75 90 36 64 55 73 28 88 16 6 44 51 0 34 59 48 
17 4 36 1 2 1 96 46 51 63 39 53 76 66 56 42 77 32 49 8 47 14 86 76 45 56 1 56 6 28 11 25 90 93 97 75 12 55 33 91 74 43 22 44 49 40 95 9 69 12 76 6 53 50 66 74 8 62 85 54 7 0 93 8 11 9 54 67 39 42 2 23 43 63 76 69 0 34 34 26 68 61 52 37 98 82 12 34 
67 13 43 96 64 72 46 15 4 88 94 5 66 76 2 76 56 11 26 26 20 98 66 87 96 8 1 47 49 7 80 12 36 47 75 59 96 17 54 97 81 99 54 28 70 40 14 92 43 52 37 16 6 73 86 62 83 44 88 48 71 79 61 56 65 56 98 87 84 84 52 82 54 89 56 45 47 1 70 97 51 41 36 6 9 43 8 82 
11 57 28 74 3 7 21 99 28 3 66 68 88 95 94 22 83 3 86 24 4 93 34 62 43 55 84 6 62 80 22 20 5 0 89 27 10 95 22 91 3 16 13 37 15 63 14 53 36 24 36 80 13 26 13 20 69 97 28 77 92 68 93 98 98 80 35 0 43 74 73 90 13 32 71 86 33 60 65 92 5 12 96 10 55 98 0 61 
19 75 60 19 36 19 61 17 53 94 87 32 23 42 37 83 33 94 10 93 23 78 94 97 2 32 40 54 74 63 19 63 7 2 40 75 9 93 77 38 13 25 52 48 37 78 92 10 25 27 72 40 53 40 87 18 91 87 63 79 93 58 86 4 48 65 44 14 4 70 43 80 92 77 26 67 58 25 36 91 44 50 69 31 18 80 62 78 
36 62 46 74 29 39 85 18 58 81 21 31 32 57 81 87 56 91 74 59 74 97 2 95 2 79 67 88 71 48 24 61 81 48 63 15 1 62 3 64 92 61 62 87 78 36 12 15 47 31 18 66 88 40 10 92 75 55 0 21 55 90 77 51 62 74 8 45 30 51 25 46 60 46 48 6 38 97 72 73 40 3 73 8 44 43 71 76 
98 65 99 66 27 0 81 41 76 58 36 41 87 77 11 13 89 34 49 56 27 14 64 31 43 13 20 35 99 27 14 14 77 1 20 81 46 68 83 57 53 75 44 59 9 94 49 95 95 60 55 52 45 5 69 7 87 93 37 33 45 98 75 54 67 44 84 44 37 24 44 33 38 82 83 98 15 88 10 10 66 5 2 39 21 83 43 95 
50 46 23 26 9 33 66 68 64 42 46 23 31 81 20 32 3 89 17 39 66 29 40 24 46 40 84 36 27 44 2 37 79 56 10 71 55 11 39 53 96 17 58 68 25 43 7 38 89 52 2 74 53 23 73 79 95 14 15 72 2 48 18 76 86 80 46 48 80 98 81 63 91 68 40 37 15 98 40 27 66 22 51 54 65 91 58 62 
29 5 26 23 55 27 34 61 63 13 96 73 96 61 94 64 17 92 41 6 12 73 45 56 88 39 99 44 78 78 50 62 92 8 1 60 89 48 8 30 90 99 11 57 10 44 32 99 82 15 76 92 12 30 0 95 49 56 34 3 43 94 3 93 72 56 53 21 89 53 6 45 39 39 83 13 87 74 83 84 18 77 45 19 68 76 54 30 
43 56 68 85 36 48 43 25 41 88 5 15 66 85 32 8 58 73 57 1 22 77 17 23 81 80 69 19 8 6 50 39 28 76 54 95 94 95 31 36 27 93 89 41 65 15 76 21 95 43 76 20 88 19 96 88 19 63 71 23 91 78 6 96 78 3 19 88 33 37 70 40 70 77 6 89 29 49 60 31 78 32 88 83 80 61 46 35 
61 99 15 32 85 34 48 69 67 65 44 2 44 85 42 20 71 63 6 15 87 65 89 79 55 29 86 17 63 47 52 25 73 46 45 90 67 99 57 60 61 83 75 98 72 71 29 16 4 89 44 81 86 64 31 15 6 36 60 87 49 89 37 25 96 28 38 72 1 49 25 74 10 84 22 75 60 78 84 81 86 15 29 37 99 34 2 32 
3 96 84 77 69 3 4 79 98 40 85 79 78 5 91 56 96 36 36 3 4 19 31 93 53 13 54 52 86 11 37 15 14 38 58 10 43 81 64 51 92 58 10 58 95 4 28 61 26 0 22 19 6 23 54 10 46 20 0 1 10 35 65 47 43 29 84 92 84 59 42 37 72 11 62 70 95 49 41 8 31 84 46 46 15 36 28 63 
55 72 79 97 39 86 14 88 95 26 64 52 56 37 90 49 91 18 27 71 39 91 59 48 69 95 62 30 18 71 31 80 70 51 17 67 26 60 76 70 56 28 61 97 14 86 91 72 34 27 88 17 98 6 5 18 71 69 86 88 80 16 93 37 37 71 48 93 75 36 51 53 39 95 96 97 86 52 39 93 71 15 42 67 69 53 90 23 
1 54 92 43 44 55 98 10 81 20 15 29 5 88 42 42 41 56 52 65 57 9 80 96 88 9 15 5 11 94 5 44 59 31 62 48 28 48 4 36 75 85 94 43 89 14 2 31 8 34 9 8 43 98 95 29 79 58 30 29 13 95 27 71 85 72 43 7 88 99 9 81 29 94 82 45 26 28 3 98 29 14 7 11 87 23 99 52 
10 13 87 81 31 18 68 66 70 92 20 43 85 55 58 31 29 36 50 57 17 28 25 82 37 19 58 42 90 21 62 1 3 75 86 70 44 53 99 4 72 99 95 49 83 2 83 65 86 50 66 43 1 99 67 51 66 49 63 8 31 54 66 57 0 50 64 31 44 77 13 89 66 29 70 45 45 70 80 67 91 41 78 52 63 69 18 65 
90 13 21 74 87 78 28 66 36 65 20 9 88 34 7 58 20 24 5 66 43 85 32 17 86 16 15 72 78 86 14 25 99 63 81 68 33 7 52 10 26 93 59 44 84 40 59 85 58 97 66 5 54 97 9 23 85 35 8 23 51 46 35 9 83 93 93 69 50 76 54 52 56 41 79 87 95 71 25 56 21 54 99 82 78 51 53 30 
50 7 17 24 33 5 57 7 24 41 23 78 14 57 17 8 1 86 22 7 66 14 35 73 43 86 3 28 50 71 28 61 88 32 83 24 25 26 39 90 8 83 31 7 71 89 62 34 92 98 15 24 76 71 83 26 21 66 23 0 19 45 68 52 47 36 96 70 82 79 62 14 6 90 79 11 44 58 61 43 43 48 15 93 21 49 58 74 
91 45 85 30 16 33 91 63 66 69 23 92 25 2 98 79 97 42 17 55 7 2 2 29 9 37 32 15 55 63 40 46 89 63 63 41 46 55 38 70 95 79 97 7 70 33 43 9 47 88 72 91 44 74 97 78 94 80 69 42 63 38 80 36 99 33 88 30 8 19 61 1 61 5 44 70 12 6 73 93 3 19 84 34 16 62 9 41 
50 14 35 57 68 63 32 70 14 46 73 21 3 80 84 48 0 99 99 67 87 46 7 93 88 39 94 17 83 15 11 78 85 98 67 9 92 88 82 98 20 23 49 81 18 68 63 8 96 25 2 7 17 2 66 19 96 37 61 16 72 7 99 77 55 28 46 70 99 34 43 10 30 55 60 11 38 21 77 80 25 5 65 81 43 64 62 62 
2 72 1 62 36 70 65 99 95 85 8 35 26 45 95 93 21 55 62 99 38 29 63 12 55 76 37 94 99 25 50 46 30 9 11 44 42 82 4 78 19 52 27 1 56 49 57 99 59 62 44 44 55 70 33 16 62 88 53 74 13 76 4 7 56 99 74 69 70 38 89 60 39 82 89 56 98 2 26 49 97 80 41 3 48 85 78 36 
2 96 34 49 60 43 50 58 48 87 50 82 54 38 84 4 49 42 25 19 20 63 11 69 4 78 73 43 70 66 72 33 27 5 70 6 73 61 89 1 94 44 75 31 35 37 5 2 42 52 43 55 9 38 45 45 62 43 36 81 93 1 41 61 81 62 99 73 31 33 73 82 26 26 78 52 8 84 96 34 30 97 68 92 9 2 27 60 
9 79 51 65 40 74 94 30 44 48 16 28 35 37 97 28 24 78 42 4 58 0 40 76 61 84 22 53 85 50 47 6 23 39 77 55 64 69 75 47 24 5 94 13 16 7 26 75 16 43 59 48 80 59 78 92 67 86 88 11 49 63 35 23 34 99 31 94 48 53 63 36 74 92 20 57 95 25 81 39 66 73 29 7 64 14 74 39 
32 6 83 25 20 74 57 75 56 81 63 15 84 76 99 17 12 39 38 43 0 69 35 37 98 53 73 3 38 5 40 56 29 44 85 84 55 25 77 90 47 12 59 57 97 20 60 26 83 2 88 12 53 32 3 15 20 67 10 77 99 36 91 7 20 93 9 20 5 37 13 37 2 73 74 57 23 23 67 68 63 29 15 44 13 62 20 15 
64 22 28 36 82 63 76 60 2 68 35 53 86 22 7 19 8 98 5 51 37 39 83 1 81 97 86 54 82 87 65 84 95 82 52 86 28 66 36 31 88 66 11 2 92 56 4 16 63 7 94 51 56 73 42 63 27 18 49 23 68 99 35 10 35 55 45 40 41 24 32 96 28 82 70 44 52 38 80 28 50 74 79 84 71 57 30 25 
14 30 60 99 20 45 6 69 41 70 43 13 32 79 51 80 63 29 87 46 1 14 79 15 33 14 52 54 3 99 29 23 87 59 92 65 58 95 37 41 65 83 82 42 22 1 87 70 70 69 15 9 33 47 60 61 84 20 31 19 4 23 79 90 44 37 32 42 25 55 21 82 56 8 87 43 66 32 1 34 47 73 44 9 60 84 53 55 
66 34 54 93 17 41 58 0 27 63 24 65 2 11 91 29 48 36 41 39 40 54 1 84 68 54 92 21 19 82 0 12 89 76 48 49 86 45 44 23 6 81 53 80 28 81 36 93 98 16 64 23 2 16 43 88 51 7 71 91 81 26 37 19 76 88 58 62 36 47 42 33 23 76 58 65 28 70 11 94 39 90 33 15 5 38 19 74 
2 13 83 20 55 58 10 6 75 5 74 5 26 38 20 76 56 87 67 24 65 55 39 44 61 30 99 19 56 32 68 35 23 90 50 27 85 43 41 36 34 24 38 26 57 96 50 55 75 71 24 66 40 18 47 3 34 75 2 50 4 98 47 69 56 81 59 42 58 9 23 98 73 67 38 68 73 3 75 11 19 51 6 95 64 64 76 47 
16 37 86 52 92 28 96 86 72 71 98 46 46 52 4 94 44 74 24 44 21 12 77 22 19 72 44 31 30 69 42 1 17 89 8 83 25 94 22 41 58 87 68 42 23 88 88 82 23 52 90 98 86 48 70 5 49 0 62 53 53 80 32 84 68 82 43 41 98 96 7 74 4 98 60 15 38 9 31 85 66 9 43 1 91 21 90 89 
0 22 37 22 22 43 56 79 68 36 87 22 65 81 77 93 73 83 86 37 81 30 52 15 5 78 64 10 48 48 67 25 8 91 12 21 60 29 32 12 99 76 9 52 46 35 85 7 85 46 62 83 64 57 4 8 61 82 87 49 71 81 35 25 92 21 35 28 44 85 33 83 83 69 4 44 26 92 27 46 19 8 85 22 78 76 87 96 
36 97 86 49 77 91 36 49 98 28 66 96 98 37 46 94 26 76 72 65 49 69 2 92 97 44 86 2 68 81 84 91 43 4 28 19 69 16 0 57 5 23 94 88 17 23 13 54 11 96 33 85 2 6 52 88 78 94 58 22 93 10 41 70 86 26 10 23 88 3 23 14 21 42 66 98 49 24 32 36 14 69 44 61 97 91 19 14 
26 71 7 35 98 76 60 12 54 64 3 88 73 23 39 7 26 46 94 83 92 68 76 63 86 96 0 53 91 52 28 90 93 99 3 41 14 59 46 84 97 25 47 11 50 78 50 67 76 90 67 90 75 35 45 91 37 29 57 56 88 5 94 89 91 25 81 67 34 83 11 88 32 34 66 11 55 82 33 64 7 6 31 32 4 49 11 80 
54 58 71 43 15 46 67 85 56 41 90 86 14 12 86 8 68 97 81 70 9 80 48 85 3 47 93 17 11 50 65 58 1 17 71 54 45 87 77 64 60 71 8 73 85 26 88 94 63 49 47 69 19 88 18 51 28 92 26 69 7 74 0 22 78 18 32 88 5 83 29 5 71 56 5 90 55 77 89 23 6 48 32 67 74 38 73 8 
2 90 8 55 13 40 88 26 1 72 94 18 4 60 67 40 1 4 5 19 81 16 1 4 82 54 72 22 18 78 79 70 1 20 5 56 88 10 61 16 78 75 94 91 49 36 94 29 22 58 46 20 99 93 64 20 93 7 28 63 82 80 81 23 97 19 96 55 81 59 19 99 77 92 11 0 77 33 0 8 78 18 78 42 4 34 29 43 
89 48 99 34 86 0 55 85 74 94 82 37 75 6 1 7 78 98 97 49 47 33 87 57 14 68 52 57 28 4 70 45 45 17 54 14 80 58 12 27 41 97 49 34 67 64 36 0 61 30 77 82 56 41 32 41 76 81 85 33 60 92 25 10 32 12 63 48 37 61 94 53 4 81 60 81 37 45 40 50 54 71 57 62 79 25 74 27 
17 57 7 49 28 48 74 47 12 75 0 91 27 43 91 40 44 17 83 47 88 93 16 82 37 17 79 22 1 13 35 7 57 51 28 94 67 93 47 50 99 30 40 36 62 58 60 78 73 49 87 0 52 60 86 42 67 77 75 33 2 85 33 61 21 39 4 55 42 59 2 85 67 0 84 95 65 36 80 85 12 6 39 83 98 10 24 8 
70 34 51 32 69 45 21 81 87 10 37 85 16 82 4 47 15 33 70 7 97 27 89 16 55 60 35 29 49 87 83 43 87 61 9 55 26 60 3 63 16 51 21 20 74 61 21 44 23 98 20 10 29 32 13 35 87 17 80 82 79 43 59 35 98 93 60 5 22 80 63 84 49 58 43 20 83 58 57 20 22 50 82 25 14 75 29 2 
53 88 88 13 41 22 11 33 92 46 29 72 45 95 84 35 72 8 19 56 16 84 7 40 54 2 22 35 91 16 21 61 27 14 69 95 41 19 17 63 79 49 91 49 46 63 79 32 47 76 26 81 9 14 73 10 98 77 2 90 53 63 72 89 75 89 87 60 39 0 15 99 76 69 98 11 90 98 20 3 32 19 83 82 81 46 13 36 
82 15 93 19 12 91 87 56 19 80 36 27 38 79 14 52 8 3 62 0 68 45 47 84 97 88 30 36 40 82 19 81 6 53 60 33 31 70 67 40 69 40 38 57 19 65 22 25 69 18 91 8 21 48 63 55 28 20 88 79 99 55 49 33 70 74 5 17 94 51 53 60 15 84 40 81 93 70 30 41 45 38 46 81 52 15 50 25 
99 57 76 86 33 73 45 32 94 11 62 75 10 41 32 96 59 89 47 49 57 82 95 9 14 48 78 9 74 86 94 0 4 38 34 14 35 84 88 18 94 27 67 46 71 33 99 52 88 66 97 14 30 53 1 42 98 95 40 41 6 77 15 34 69 21 98 59 25 20 82 83 66 15 22 99 80 28 37 92 9 12 40 75 69 87 36 13 
75 96 54 32 65 44 99 22 41 38 77 17 54 21 19 20 6 53 25 74 25 24 15 13 96 73 80 62 81 64 36 88 79 38 22 83 38 7 57 44 24 53 90 19 7 35 70 68 58 88 11 22 52 14 37 54 36 40 83 24 19 12 4 17 84 57 92 90 14 13 72 12 65 87 89 21 7 85 69 79 78 73 5 36 2 34 66 34 
49 18 15 21 55 94 89 99 24 50 2 84 37 52 61 43 34 39 62 97 67 73 18 73 34 38 21 8 53 80 92 35 42 49 23 52 96 64 43 98 66 92 2 18 77 46 63 7 46 78 10 21 82 97 34 90 90 59 41 13 13 16 41 53 53 45 55 94 46 80 94 95 5 24 39 47 65 16 12 42 89 99 12 73 41 71 64 67 
91 55 32 4 13 53 66 38 13 1 76 98 34 88 81 36 19 73 65 85 99 6 10 95 31 79 92 47 63 73 38 94 55 50 43 68 18 81 78 35 58 17 13 53 92 6 22 51 35 44 77 94 60 88 14 18 35 49 59 81 41 28 10 29 71 49 97 75 80 55 71 29 68 62 6 91 15 95 83 43 65 8 14 94 59 82 8 71 
67 21 72 35 98 16 21 83 32 87 46 3 53 86 59 47 75 47 40 55 59 67 36 84 5 37 40 90 40 92 84 99 2 40 39 58 67 85 98 80 44 84 42 32 64 7 47 33 83 24 74 95 73 74 67 34 46 16 36 62 4 22 65 72 60 77 36 26 43 83 83 36 12 73 58 59 35 23 91 11 40 14 48 32 17 4 71 21 
58 84 33 18 99 0 45 24 65 49 12 87 63 62 90 91 1 46 25 24 6 76 31 25 70 44 2 65 18 88 43 81 64 37 35 97 28 77 6 14 21 31 26 24 55 62 52 38 25 13 27 59 74 27 82 32 61 75 17 80 9 36 16 27 64 96 62 28 80 99 0 70 9 47 38 22 14 70 97 55 10 36 56 99 79 88 53 46 
69 38 52 42 9 55 93 14 94 69 59 51 66 48 85 40 51 18 69 9 48 56 41 40 42 59 25 29 96 3 56 53 18 98 27 70 87 68 68 37 58 58 25 77 87 90 47 76 4 55 50 40 10 78 39 4 31 29 89 72 29 51 91 76 64 46 98 77 58 21 43 35 88 1 36 31 54 11 83 38 64 79 73 68 76 82 44 59 
55 22 33 18 23 50 41 99 19 50 54 79 71 8 91 9 92 26 96 16 96 16 29 3 99 45 10 0 33 46 60 61 40 83 7 56 14 63 36 62 88 3 38 95 30 18 16 8 38 44 22 21 5 41 93 70 45 77 18 90 6 35 23 7 56 91 93 93 41 65 18 97 85 12 23 10 6 39 94 85 95 79 85 46 36 42 78 19 
75 64 12 23 42 9 9 84 37 75 94 11 13 30 20 85 59 85 3 8 19 19 24 50 85 16 25 18 33 7 26 54 47 13 28 26 78 64 81 71 42 74 31 31 37 44 25 12 75 83 68 44 38 62 12 69 53 70 55 31 21 72 79 95 58 21 3 29 77 0 20 38 83 32 2 48 38 12 67 52 35 94 73 31 27 8 8 89 
7 58 66 26 8 76 82 22 77 91 96 49 4 61 18 60 23 34 85 91 43 98 96 32 96 24 31 53 57 5 16 66 55 35 62 34 13 25 98 68 98 28 19 77 34 54 27 69 76 95 84 96 21 78 77 80 51 80 73 93 52 16 90 28 74 53 23 21 8 29 93 36 67 83 72 38 48 49 74 70 49 72 37 87 15 52 26 21 
10 95 83 12 45 75 16 76 82 69 86 0 78 2 21 98 14 60 76 44 29 96 68 1 86 84 90 43 2 64 70 29 3 11 69 70 8 68 47 32 88 54 86 74 99 94 3 6 29 32 66 27 58 65 21 52 87 67 26 24 34 74 83 98 16 56 91 94 36 5 87 14 81 69 47 16 22 78 6 72 38 74 82 78 55 82 25 82 
36 70 42 20 42 98 43 54 71 60 22 9 86 40 44 69 63 77 14 82 56 78 32 36 63 46 17 50 18 64 84 95 81 92 60 1 10 87 15 3 78 90 89 6 45 22 61 77 80 22 78 31 20 90 43 27 42 49 9 6 74 7 1 55 13 70 30 16 27 43 26 12 71 7 77 11 38 83 64 66 14 13 63 20 19 90 0 75 
29 70 60 15 1 71 85 26 2 39 96 80 21 96 22 6 33 37 1 6 12 71 71 93 47 93 41 77 28 10 35 26 7 22 74 17 88 72 84 85 32 3 20 98 67 47 73 35 99 44 85 55 72 10 30 32 37 47 69 49 0 86 0 31 27 56 77 39 46 22 14 70 33 95 80 98 85 12 96 88 47 78 77 15 41 16 67 5 
66 70 90 9 42 57 34 14 67 9 79 86 71 17 6 99 74 58 43 87 68 63 47 22 12 54 57 18 8 84 12 87 33 83 60 45 3 65 54 99 54 4 40 82 96 33 42 71 95 49 50 74 24 52 9 88 45 45 70 68 21 24 39 6 25 24 60 76 31 96 88 71 15 13 34 38 57 13 72 42 64 63 51 58 12 63 24 86 
52 49 27 80 99 86 17 50 64 0 5 71 5 8 60 96 0 69 31 59 41 67 4 76 1 49 4 89 9 96 38 8 52 90 29 35 50 8 5 91 29 96 51 66 21 67 66 76 64 63 62 93 45 65 0 38 90 34 92 97 50 35 16 6 93 67 30 52 11 32 26 10 95 47 98 88 4 22 69 66 83 71 11 7 28 32 6 34 
64 18 28 26 48 52 73 65 79 60 48 52 78 23 59 62 40 30 99 98 98 21 22 6 77 66 91 14 63 40 76 22 61 78 99 66 50 82 47 68 94 78 75 23 22 58 49 30 91 67 49 12 34 24 65 96 22 24 77 18 86 69 20 53 22 49 37 15 17 94 64 98 2 48 97 85 47 35 84 16 80 69 80 61 77 15 46 65 
10 4 49 66 99 39 70 31 44 59 82 41 37 89 89 33 75 66 4 53 22 71 99 35 15 37 68 82 26 54 12 87 45 74 39 23 13 74 12 72 77 97 75 49 60 65 14 88 25 89 83 55 63 49 32 72 51 74 58 22 29 77 48 0 7 62 20 41 46 94 56 56 94 78 39 59 37 47 79 96 88 68 54 45 41 47 69 9 
58 45 53 51 44 79 58 3 88 53 7 59 18 19 31 0 36 91 90 15 50 67 91 23 24 40 14 5 73 52 47 76 55 97 5 30 16 74 94 72 32 63 16 98 98 72 65 11 25 7 32 12 63 93 71 99 69 60 30 72 22 19 78 95 14 14 43 30 36 44 56 59 23 47 8 81 38 87 46 12 79 3 50 75 65 89 99 10 
47 93 30 85 97 62 81 60 31 17 42 13 49 3 11 40 25 5 10 58 73 50 21 53 16 54 15 31 32 7 79 98 42 82 83 9 25 95 70 70 86 13 14 56 42 37 96 51 94 13 74 46 55 75 63 49 78 88 48 73 75 99 67 66 22 87 51 88 31 96 99 81 63 98 20 2 49 39 39 49 15 32 84 72 42 40 76 85 
44 18 39 13 63 32 10 50 36 53 69 1 27 19 45 74 83 85 38 1 10 65 56 21 58 30 93 50 83 58 40 59 89 79 90 43 35 24 93 91 38 47 74 81 12 45 99 83 44 98 34 50 22 39 78 47 4 98 32 89 12 81 23 49 71 80 4 66 32 1 20 67 13 65 7 64 42 66 27 98 43 55 28 68 32 57 50 51 
98 44 37 45 69 9 28 9 41 44 30 91 9 64 62 96 74 64 93 49 94 66 7 74 92 87 46 41 61 26 4 49 50 45 33 49 93 50 88 45 14 31 38 13 87 66 33 25 79 76 56 65 60 77 68 3 19 19 82 42 45 12 56 61 93 88 19 41 49 88 63 4 4 14 30 29 81 21 59 98 9 19 34 12 35 38 22 17 
57 49 55 14 35 18 90 28 28 57 91 23 5 34 93 15 42 36 30 67 40 10 21 31 13 72 89 73 31 35 92 80 76 33 10 38 28 63 93 33 9 1 97 5 19 46 21 80 12 66 60 30 51 13 11 24 81 24 92 29 93 74 80 77 5 73 6 70 7 21 98 51 86 23 18 88 58 47 56 73 21 95 70 60 91 10 92 17 
11 45 63 48 81 13 28 34 41 24 83 33 40 14 17 73 33 28 21 39 28 84 2 84 47 19 7 34 31 36 34 75 57 35 91 1 6 50 29 33 46 71 81 12 17 51 82 44 36 91 54 43 97 90 35 19 53 75 24 43 52 5 99 93 1 28 7 61 81 86 78 73 81 52 4 3 35 72 33 17 97 17 97 96 18 21 51 9 
39 98 75 33 58 15 44 63 25 11 91 56 93 46 65 6 47 99 33 70 17 5 1 56 78 21 79 46 3 98 53 50 21 97 90 80 52 96 48 93 95 45 15 73 71 52 68 28 82 58 79 60 24 14 7 18 41 27 19 44 39 47 62 34 75 99 85 6 62 22 29 43 98 0 36 61 66 93 80 48 36 0 3 21 23 43 91 50 
76 64 54 14 62 57 14 38 21 44 46 37 25 35 41 61 45 68 73 27 59 13 49 56 48 86 3 23 75 96 56 20 98 71 46 42 69 7 37 49 75 29 91 65 17 65 33 80 18 31 30 92 13 51 82 82 93 98 29 92 35 80 8 96 98 80 9 42 92 91 58 70 33 77 91 96 49 5 57 83 52 44 56 92 37 25 73 81 
49 12 17 40 85 29 41 78 42 40 22 90 2 80 99 3 76 9 59 32 22 71 8 57 38 20 49 23 75 30 8 29 14 23 93 9 9 65 28 23 65 63 10 68 32 53 42 55 62 8 49 13 7 79 12 84 14 33 48 40 38 5 64 86 6 43 11 65 16 82 69 57 3 67 24 42 89 32 87 67 28 70 63 49 77 61 75 60 
3 35 62 64 10 72 17 24 0 25 94 8 98 90 63 98 76 58 68 8 6 83 36 85 46 0 8 22 95 20 18 47 5 57 5 66 16 57 18 20 63 68 59 67 38 78 72 69 75 84 46 48 58 23 3 3 16 94 77 72 50 6 41 18 8 27 52 75 92 17 92 8 25 12 72 26 4 74 34 54 26 80 86 24 22 73 70 71 
31 66 85 44 13 81 75 26 40 58 3 75 61 48 59 14 37 86 3 33 41 66 30 53 68 2 45 16 29 51 6 99 21 74 56 34 21 19 89 10 53 73 18 90 99 70 3 77 11 66 19 31 49 22 7 38 57 47 95 10 20 46 94 26 79 30 38 38 1 70 3 38 39 76 26 43 80 67 52 17 23 30 49 89 7 98 27 42 
41 98 30 88 54 58 1 72 6 93 0 87 18 39 77 78 74 84 78 43 45 11 21 90 73 32 68 87 92 82 52 16 52 72 64 38 52 10 70 70 84 19 73 78 52 67 99 62 10 84 87 29 36 22 39 85 17 12 92 48 35 65 47 56 66 28 88 89 10 60 14 62 79 53 9 47 46 4 96 66 27 69 27 70 37 7 70 52 
7 17 69 57 77 61 4 97 3 86 22 81 87 7 53 50 65 42 4 25 16 23 1 99 45 38 44 2 71 16 82 41 47 35 76 41 53 16 50 98 8 71 47 70 63 90 87 81 36 19 19 69 47 4 94 52 40 72 33 68 23 0 63 51 73 63 80 97 84 71 31 64 47 86 45 23 31 23 91 63 30 51 13 86 51 58 79 97 
72 86 91 25 53 86 68 46 21 56 93 41 57 15 57 28 41 80 87 9 43 84 94 12 97 46 43 9 91 31 64 58 73 52 69 65 91 27 26 98 51 55 39 89 89 74 37 71 94 44 42 12 54 42 96 4 67 1 67 54 44 30 60 31 80 43 55 71 80 95 25 24 83 79 83 28 47 17 86 36 62 2 68 83 69 57 57 91 
86 27 67 29 29 58 84 68 43 2 65 52 34 2 13 54 53 76 48 47 0 36 54 51 38 27 24 39 31 65 24 10 77 84 54 93 34 48 92 62 39 81 56 28 57 88 57 10 81 79 42 25 60 23 23 76 96 47 14 95 9 70 35 92 79 49 25 31 5 9 92 7 21 57 43 30 22 53 98 46 99 47 18 31 86 9 54 31 
73 84 66 76 46 32 60 33 78 74 38 58 23 79 63 41 7 74 38 27 69 73 36 60 4 32 47 5 54 24 27 24 62 36 77 18 83 19 64 65 73 30 27 83 71 75 94 83 62 86 21 23 45 72 75 60 58 47 65 31 89 67 81 76 69 83 98 21 59 87 66 68 80 17 4 2 55 29 25 85 31 60 45 37 30 98 7 60 
74 24 48 36 31 17 22 42 12 40 34 60 35 87 68 54 98 31 91 38 83 41 60 92 40 17 33 94 57 34 23 33 96 34 1 56 87 44 92 73 13 31 43 15 86 53 12 88 61 9 98 20 8 27 86 10 11 19 29 62 46 98 52 20 9 73 19 65 46 46 40 47 29 17 87 12 25 51 35 16 12 27 8 28 49 43 65 37 
10 10 66 32 52 28 66 76 47 33 86 41 15 8 46 52 57 37 34 65 40 82 89 4 55 24 42 37 7 40 19 87 39 52 3 61 72 9 37 57 36 44 19 5 3 82 77 66 88 59 74 51 70 67 50 59 42 48 2 5 90 12 53 2 96 64 28 49 69 89 84 43 82 91 57 8 61 76 78 90 49 96 73 25 31 60 57 77 
65 99 54 13 37 61 71 93 87 91 73 75 52 84 80 6 31 36 64 23 42 82 18 17 18 67 50 64 4 94 83 79 4 66 6 24 8 57 64 56 46 51 43 84 56 62 37 18 49 90 48 98 69 52 78 58 41 41 29 56 41 29 40 99 71 97 36 20 68 66 53 96 67 0 69 63 62 83 35 44 10 70 18 56 95 10 9 45 
96 69 79 24 57 4 60 83 66 71 10 41 33 85 10 47 93 60 23 78 49 7 2 23 84 7 45 62 99 23 17 62 46 96 71 33 92 53 6 82 69 8 67 17 62 26 23 79 0 2 94 6 22 62 37 58 33 53 1 36 22 5 64 33 95 65 25 35 88 95 75 3 96 69 8 34 68 61 36 23 23 51 41 10 49 31 25 71 
64 85 83 73 59 74 8 47 82 96 82 13 98 37 27 61 55 97 59 52 66 82 44 51 92 69 44 28 5 92 46 10 40 34 86 74 79 40 61 94 33 70 84 36 73 1 34 81 99 0 70 20 45 5 64 15 74 68 39 41 86 83 76 97 35 45 22 78 94 9 21 76 43 22 77 84 10 57 84 60 86 31 96 66 32 86 0 47 
33 71 63 64 77 22 86 69 12 9 87 55 71 62 74 84 60 45 41 72 32 51 40 71 85 1 18 2 12 8 32 24 81 30 11 19 26 99 86 43 6 35 26 91 35 39 49 6 72 54 42 5 88 49 7 24 92 91 47 7 4 49 23 64 6 34 3 59 40 19 2 98 35 37 94 50 61 16 98 98 75 9 26 23 37 4 9 89 
40 96 11 62 5 31 23 81 36 66 92 3 95 22 15 62 2 22 59 22 65 25 9 32 5 63 24 73 33 72 54 5 11 29 30 23 58 60 94 34 43 62 4 13 89 60 28 79 47 24 17 40 88 70 93 13 38 39 9 44 8 17 42 1 10 41 13 85 60 34 56 7 15 67 22 6 71 33 31 25 70 59 89 95 54 42 35 8 
74 1 43 96 67 70 80 67 26 56 15 49 51 6 31 81 24 32 63 1 79 96 18 4 63 67 14 53 54 67 43 68 21 14 8 76 53 13 5 88 57 35 44 22 18 44 61 58 18 18 1 75 37 31 86 53 62 65 9 99 37 8 45 51 23 22 8 77 99 69 73 5 77 81 92 18 49 16 28 28 5 88 11 0 12 73 91 95 
55 12 48 57 70 64 33 73 84 84 85 67 33 81 79 9 60 94 16 90 97 70 46 49 13 63 29 59 85 1 76 46 22 9 17 86 74 56 14 32 84 80 1 73 82 87 69 16 16 63 71 77 50 66 11 75 34 2 91 77 80 9 30 50 3 23 39 23 60 13 65 9 3 51 11 40 79 17 17 54 99 40 26 17 91 35 21 17 
4 5 50 34 55 67 97 47 86 55 15 91 61 49 70 25 22 88 84 91 3 32 8 99 3 75 59 75 32 79 46 31 68 45 13 45 13 4 65 97 43 12 55 99 41 33 25 79 79 47 90 99 86 32 70 16 31 83 0 54 99 28 67 98 60 61 44 79 56 20 74 37 50 34 57 7 63 73 85 59 79 45 39 80 10 86 18 99 
82 41 88 52 5 16 36 20 49 85 68 76 16 35 35 73 99 34 85 95 43 57 68 21 34 1 11 82 0 91 10 74 90 47 24 58 57 53 33 87 87 30 12 23 90 21 90 23 95 19 29 86 46 76 48 37 53 60 52 4 79 10 48 32 50 65 70 51 84 8 93 78 7 72 92 73 38 38 1 42 56 98 51 28 72 28 57 75 
42 93 72 19 92 86 41 45 9 89 8 25 53 54 57 97 47 22 89 10 91 42 48 78 75 58 22 27 88 0 85 80 67 0 90 50 22 19 76 57 61 46 54 33 61 9 61 92 9 8 61 73 69 88 29 0 8 79 11 37 54 75 82 99 58 34 87 78 67 44 47 44 29 29 38 42 59 46 13 7 3 98 2 67 70 82 74 26 
