59
38 99 77 33 96 41 1 73 38 82 63 9 15 57 33 94 69 96 31 7 69 64 19 23 93 80 15 23 71 57 91 11 59 97 2 95 72 59 51 66 93 25 73 47 56 33 92 21 17 75 59 37 4 15 74 42 60 68 24 
17 75 8 91 94 47 51 1 91 43 19 59 28 24 70 46 53 68 88 37 93 5 68 18 28 76 14 24 79 8 22 82 59 85 88 11 40 65 32 30 29 33 6 46 42 35 80 66 14 49 83 22 79 38 98 93 71 69 13 
52 52 50 12 45 51 9 6 77 6 10 69 12 62 83 91 59 50 17 62 92 74 5 61 6 54 96 31 44 37 91 81 35 87 1 40 16 92 63 33 48 36 1 15 28 48 47 35 78 58 51 77 29 77 42 78 93 95 58 
30 58 68 78 94 11 97 10 72 68 90 19 78 89 78 27 0 38 69 82 73 75 54 76 78 21 7 87 99 76 94 93 14 60 52 38 38 31 13 44 26 89 98 41 60 83 83 43 49 14 20 48 89 31 95 32 15 84 97 
91 51 90 35 36 85 31 15 24 52 47 64 28 27 83 22 69 3 90 92 26 70 71 28 66 76 45 93 25 97 73 5 8 11 11 1 44 89 80 82 98 65 4 94 58 79 73 28 83 68 62 96 96 59 50 44 26 73 61 
24 64 72 70 41 37 90 99 85 24 8 66 42 17 39 53 50 65 98 28 79 60 94 32 72 52 75 40 81 29 49 36 91 88 60 61 48 61 44 59 34 5 48 83 54 10 53 74 49 45 48 52 19 18 6 78 24 90 92 
66 12 88 63 17 59 86 84 91 26 2 6 46 97 82 86 93 42 39 88 84 11 3 56 53 56 58 91 71 16 15 57 19 58 65 19 24 87 21 94 59 75 99 23 4 2 80 22 2 22 78 59 25 75 91 40 67 10 81 
33 12 19 95 81 37 13 1 90 77 96 7 9 79 72 24 23 82 44 22 92 22 6 1 99 63 34 88 35 69 30 5 49 27 73 9 49 85 87 9 52 41 62 76 88 85 23 65 80 51 44 5 32 15 7 29 35 58 51 
11 92 32 26 71 62 67 92 86 86 87 67 83 23 59 12 1 29 62 86 89 71 83 78 60 14 23 51 75 11 84 80 51 52 80 60 80 65 28 70 37 2 7 1 89 21 43 0 5 86 62 36 86 74 90 22 56 69 47 
4 10 16 99 99 73 12 77 19 78 41 51 64 31 18 37 10 13 26 77 59 45 76 49 37 31 0 21 11 65 79 7 97 77 53 78 68 20 66 22 71 75 90 86 61 55 90 64 4 93 45 14 24 9 99 70 69 28 34 
19 25 18 30 87 30 70 63 74 12 85 59 80 76 57 65 88 6 82 14 77 97 8 66 25 93 40 31 22 4 85 99 92 90 91 60 70 59 15 85 37 39 27 59 7 31 34 85 74 7 67 54 72 60 45 30 15 62 46 
64 89 30 58 19 33 96 17 27 18 61 70 27 97 53 31 78 27 94 80 51 62 3 91 38 4 21 98 52 14 41 20 2 7 40 23 31 9 71 72 20 73 50 10 82 22 81 44 19 88 15 9 6 27 31 97 5 15 28 
2 76 16 40 30 37 75 13 32 74 8 9 11 43 12 56 2 29 70 44 91 88 81 49 91 58 21 19 22 65 15 29 84 11 72 60 51 56 34 97 34 85 94 64 55 96 82 54 8 53 47 9 51 8 83 56 16 68 88 
6 62 76 13 80 94 5 19 64 4 77 32 52 83 71 24 64 91 15 76 16 71 89 84 86 41 6 62 0 79 48 29 45 44 32 9 22 39 53 8 33 72 38 25 46 68 32 17 63 72 68 91 50 83 42 18 12 13 8 
14 25 19 80 43 84 16 47 66 74 7 39 15 11 0 5 1 40 73 85 37 54 13 15 29 32 88 26 59 94 58 4 94 40 50 26 3 86 67 78 62 4 86 71 92 89 51 52 39 92 6 50 49 36 63 67 86 59 22 
72 49 58 20 19 52 19 15 82 87 68 97 37 47 20 44 94 75 24 58 24 12 52 64 13 51 15 61 10 24 29 25 21 67 77 92 1 54 20 42 67 93 77 13 68 6 38 77 88 45 88 68 69 88 19 25 52 66 84 
60 70 85 92 48 79 10 74 34 26 89 62 38 81 25 55 95 47 26 98 29 99 94 20 2 99 7 41 50 79 83 79 51 17 94 83 85 98 37 46 41 10 92 25 65 49 37 7 76 30 33 37 92 74 88 53 92 34 49 
26 40 97 8 39 91 37 87 82 43 25 32 73 2 85 45 65 70 86 79 40 84 68 33 49 54 2 49 26 85 54 61 42 93 70 3 53 36 91 51 77 38 44 67 31 64 95 70 27 81 96 74 96 62 31 39 44 99 17 
60 41 81 47 52 46 51 83 83 0 85 19 28 93 83 8 19 3 36 0 28 1 70 64 58 88 51 62 15 5 95 15 17 4 85 68 22 80 28 75 25 38 18 1 64 64 52 24 47 97 61 91 47 25 33 38 12 56 82 
96 4 84 30 26 41 47 93 91 26 6 54 87 51 73 52 81 4 32 86 44 39 51 96 30 62 50 66 40 87 7 4 94 68 14 92 5 18 55 84 58 18 59 91 85 84 89 87 43 72 40 65 37 39 51 64 91 34 32 
89 20 79 38 61 64 69 33 53 17 91 48 10 43 64 83 57 88 64 11 70 38 67 92 33 71 56 78 98 67 67 35 98 50 52 36 95 79 16 43 85 56 97 86 84 48 65 94 34 18 80 7 54 92 39 24 90 88 37 
31 61 94 21 48 9 97 11 14 13 29 36 39 33 46 58 84 18 74 33 21 84 15 27 45 26 39 58 24 85 83 95 31 18 45 20 5 43 37 59 64 33 43 23 36 27 82 41 27 7 17 7 70 26 83 89 76 18 41 
5 17 60 73 20 30 93 14 99 0 2 71 21 10 19 20 71 65 36 8 90 70 12 37 17 71 3 15 50 88 92 36 79 14 72 20 98 63 81 93 0 88 79 98 47 79 80 98 53 79 37 20 1 70 96 58 97 55 57 
39 91 71 21 29 2 6 58 39 84 15 50 44 9 8 66 47 75 3 28 68 73 91 96 68 7 15 52 44 60 90 51 69 87 47 84 0 8 31 0 31 63 22 81 86 34 43 39 57 28 60 10 29 91 86 86 73 67 73 
31 42 45 28 1 88 2 33 42 5 30 41 79 79 14 27 70 3 41 50 39 8 79 32 10 7 14 78 8 65 98 99 30 70 30 94 50 29 73 56 10 52 96 26 52 28 37 87 0 6 12 6 48 21 78 60 61 88 87 
93 40 63 74 14 8 2 49 74 52 42 19 97 82 73 53 15 57 73 0 26 28 69 16 36 43 43 75 19 35 74 78 94 68 76 17 21 18 16 79 30 98 63 32 48 62 60 98 53 72 86 11 91 61 22 61 11 49 47 
90 70 27 7 11 69 6 11 51 21 32 78 60 33 60 55 76 88 15 41 8 23 31 60 35 7 72 2 3 67 20 88 13 9 98 28 65 3 84 96 50 98 61 33 91 75 66 70 88 78 37 43 52 96 48 14 51 73 4 
85 81 96 22 58 94 75 83 25 54 38 52 60 96 59 21 13 74 68 92 12 83 26 23 88 57 15 50 97 0 31 98 55 17 78 97 94 68 61 71 78 20 16 56 19 92 41 25 58 19 60 54 94 41 15 97 2 38 65 
16 32 21 90 77 24 41 57 23 91 44 39 49 15 67 56 87 31 14 28 21 36 91 40 44 32 87 2 52 34 34 71 76 67 38 61 46 16 26 62 50 82 32 68 62 31 9 6 44 54 39 31 40 67 46 50 74 73 72 
39 72 89 22 46 69 15 23 30 92 19 51 48 44 94 62 45 98 40 97 10 89 76 2 76 35 39 75 4 72 37 88 53 80 93 26 44 2 51 64 22 60 49 22 54 51 88 13 70 79 33 18 40 33 28 83 60 69 83 
59 5 78 73 27 5 93 7 49 27 81 48 10 49 77 69 77 82 17 35 34 2 36 13 81 24 32 50 19 18 62 57 30 9 36 80 94 11 58 51 73 46 33 69 72 6 48 49 45 24 37 99 52 46 27 53 5 59 77 
71 36 44 16 7 32 16 7 2 48 74 20 24 8 17 50 99 47 22 57 43 85 70 46 80 43 58 96 66 16 36 26 42 40 34 60 99 49 19 5 32 37 7 26 56 55 21 84 76 5 56 27 33 83 77 50 60 39 57 
36 46 28 39 82 44 99 34 29 47 72 56 59 37 50 46 1 86 97 96 95 87 92 45 98 29 85 98 96 88 41 80 31 38 38 20 17 80 15 6 53 40 54 29 17 46 17 98 56 25 44 12 26 77 0 53 60 48 24 
32 28 50 64 11 88 66 18 95 87 62 50 50 76 74 79 41 4 6 49 8 72 3 26 20 15 40 95 63 50 42 96 35 42 53 48 49 84 78 52 96 56 75 91 91 11 73 75 72 22 10 43 40 80 94 20 99 73 92 
27 25 10 39 25 47 14 58 54 35 26 90 79 20 4 82 63 77 33 33 61 38 24 81 85 61 49 87 90 84 72 40 91 48 60 15 74 88 35 20 56 4 70 97 89 73 27 56 76 88 47 94 67 59 63 35 41 84 63 
10 12 4 92 4 7 51 71 50 96 10 23 80 44 58 90 69 52 61 41 56 44 63 77 72 83 20 13 97 74 80 36 23 1 0 70 93 80 48 8 31 39 34 29 13 54 26 59 48 20 79 86 90 75 27 18 54 6 4 
36 94 89 47 51 10 66 85 12 54 41 48 34 40 87 63 81 71 8 59 16 28 67 87 10 51 39 96 42 70 47 98 86 66 40 66 14 31 3 54 59 59 50 94 30 79 39 57 71 63 0 99 31 7 79 94 13 94 46 
73 38 34 88 44 1 26 86 60 18 26 80 78 23 49 80 7 51 30 1 92 67 76 29 31 44 38 49 34 76 64 47 27 58 40 59 37 51 66 7 83 10 43 4 39 52 4 73 75 82 67 51 96 97 74 72 15 36 78 
9 89 41 80 71 25 65 30 1 90 26 0 4 16 50 97 89 77 98 90 36 49 23 39 10 37 22 46 16 2 38 85 91 49 37 78 40 21 20 49 54 29 49 43 8 38 4 10 33 42 94 34 10 22 48 54 5 4 4 
32 25 20 35 96 51 88 52 79 4 8 30 81 93 72 11 44 7 63 5 48 25 75 74 5 44 34 32 48 30 67 64 94 11 15 19 70 76 69 47 98 19 53 39 86 72 73 94 57 37 44 47 5 40 65 95 37 19 96 
69 85 83 84 70 15 55 85 73 5 67 97 12 80 87 50 57 44 21 6 5 93 63 52 26 75 28 91 46 5 31 93 19 69 25 46 78 52 64 35 61 64 40 26 32 28 42 36 10 47 61 74 99 25 44 13 77 39 79 
13 45 46 54 9 19 52 8 65 97 55 86 32 44 94 14 18 32 19 91 26 66 94 99 30 70 84 32 16 29 1 34 75 69 87 54 19 81 33 7 98 61 32 69 57 6 25 59 15 26 91 15 45 78 91 77 56 85 87 
12 56 6 97 37 61 11 45 90 32 76 98 4 11 15 69 62 30 50 91 85 59 16 91 8 37 57 76 17 33 12 73 63 54 39 39 7 12 33 63 50 20 21 85 1 90 24 13 72 75 20 70 89 61 68 24 92 18 20 
47 72 78 71 63 69 50 24 38 34 10 77 9 39 46 19 8 83 29 86 37 55 95 78 32 2 93 64 20 10 67 54 30 62 66 18 23 54 63 98 64 4 57 41 48 96 23 27 93 33 26 66 87 24 14 97 26 78 20 
10 71 47 97 4 46 62 25 81 12 3 62 8 92 82 24 63 87 61 70 12 37 73 96 41 15 30 58 44 72 91 20 36 48 74 75 2 55 14 59 16 31 27 11 87 61 75 51 2 51 30 69 47 16 69 52 9 16 65 
45 40 30 82 19 41 11 87 62 91 53 28 52 39 2 90 33 95 40 17 18 41 71 48 82 87 22 14 96 16 82 33 43 88 84 99 4 32 65 54 6 43 28 1 45 90 97 57 93 47 62 66 2 42 51 46 93 37 47 
72 26 40 93 55 74 22 1 50 35 19 25 56 6 52 12 32 41 61 51 83 39 20 41 71 17 96 0 16 83 52 47 87 68 51 34 30 16 2 99 90 68 33 40 40 35 35 85 55 99 64 28 24 74 33 74 88 5 14 
53 35 24 69 53 22 52 20 89 30 29 13 9 20 55 69 40 74 25 70 23 76 29 23 64 64 91 66 29 76 21 90 99 62 92 44 15 14 77 6 9 15 75 42 70 88 4 49 72 6 55 53 61 52 98 86 21 24 78 
61 2 37 5 91 41 97 62 95 36 43 19 3 82 14 92 10 79 26 28 96 78 65 22 75 49 51 39 73 56 19 26 79 73 81 85 57 68 72 27 17 91 21 27 42 97 34 80 29 89 50 94 90 86 86 54 33 53 41 
38 41 59 37 44 31 29 53 57 0 66 72 38 40 49 51 11 22 21 40 41 30 38 11 14 47 72 69 90 54 18 69 73 36 13 7 36 34 40 17 62 7 42 16 24 21 59 66 61 49 34 6 24 45 87 34 40 47 21 
59 27 47 80 4 98 11 7 59 53 55 33 52 38 80 13 16 73 31 47 59 76 34 49 42 72 23 36 71 92 9 49 51 73 31 68 30 31 86 32 56 68 80 87 79 7 34 45 28 57 6 34 15 3 9 10 80 31 52 
65 94 6 19 46 37 71 79 72 15 51 14 32 15 53 53 83 18 96 57 26 57 67 15 12 89 53 70 27 54 62 47 74 42 95 44 11 77 22 95 52 98 30 89 24 14 43 27 98 89 45 85 95 22 71 86 36 11 71 
5 74 30 57 17 18 24 89 88 73 84 78 62 6 29 53 85 84 43 55 53 30 56 94 18 36 56 67 82 28 11 74 70 35 75 7 89 43 60 46 8 42 5 46 4 77 22 34 96 10 69 32 80 0 42 4 12 22 97 
77 64 43 11 59 96 61 33 49 52 51 82 25 62 98 25 55 90 73 6 59 87 33 45 95 64 40 8 69 60 20 75 50 87 48 35 17 49 24 41 22 73 84 82 54 11 19 42 32 40 81 92 51 99 58 69 88 88 22 
38 51 8 39 29 13 72 77 89 67 61 29 98 40 69 20 7 86 15 40 38 39 29 82 30 62 31 23 0 51 8 45 40 57 41 61 72 59 94 76 63 15 10 87 68 52 63 52 14 95 66 46 48 25 85 81 46 52 66 
11 78 3 98 87 62 51 75 49 55 12 18 87 46 57 97 19 55 77 92 24 63 7 32 7 48 93 45 56 13 25 50 43 72 17 3 59 19 85 54 68 46 3 48 16 62 59 38 96 44 37 87 49 66 16 26 39 27 21 
5 96 43 81 21 30 13 72 45 8 84 35 55 41 33 89 3 8 31 58 29 2 70 85 33 24 86 12 50 57 32 46 56 61 79 89 45 49 65 17 84 0 33 58 8 13 41 78 27 31 40 19 22 34 54 60 18 56 92 
94 45 21 47 71 47 63 94 0 93 19 20 16 75 85 21 81 58 58 61 41 93 21 86 53 1 19 10 75 37 56 0 31 32 44 93 70 17 78 49 82 36 64 47 41 55 88 98 79 14 83 37 39 85 10 93 68 99 17 
40 34 22 0 30 29 53 57 17 56 99 30 57 79 24 29 1 67 3 89 10 46 66 81 97 44 14 41 89 8 2 61 23 29 82 75 98 74 45 0 43 28 4 7 1 7 84 69 90 30 32 84 90 73 51 91 18 47 40 
