92
27 14 65 20 46 3 49 79 2 35 77 94 37 58 79 31 83 85 76 4 60 96 48 76 20 43 22 77 53 90 43 19 24 53 18 47 84 28 49 84 96 88 78 55 73 19 73 17 45 58 7 75 11 58 76 69 91 41 19 17 87 3 86 12 47 85 21 7 74 53 91 99 78 52 56 73 98 30 46 74 91 8 3 28 4 23 89 84 52 88 97 96 
67 92 42 91 74 84 54 87 71 23 59 66 32 48 0 50 51 26 83 84 55 54 11 80 7 96 83 8 4 13 5 34 46 45 1 20 59 22 94 63 48 47 99 60 21 19 20 32 36 81 12 26 64 80 31 79 87 99 89 37 85 64 34 13 75 86 21 32 56 58 71 97 9 43 97 29 79 98 59 72 74 37 5 8 81 82 79 20 77 9 20 27 
33 24 72 23 79 67 51 57 80 72 35 87 65 36 2 22 1 56 69 49 89 40 29 38 44 65 64 88 16 54 36 95 38 65 19 41 53 68 87 29 22 73 2 42 92 2 66 81 27 1 34 40 36 80 13 33 67 93 25 14 93 14 45 7 86 84 76 46 22 25 37 51 0 52 90 1 68 9 65 20 46 18 27 61 43 42 81 43 88 81 98 20 
60 65 3 69 51 0 10 7 77 22 40 47 13 10 73 33 70 24 74 78 28 82 95 27 99 70 41 30 46 85 28 32 36 46 89 24 63 9 85 64 63 6 25 74 28 85 11 38 48 1 47 43 78 46 43 83 52 24 85 17 37 2 26 62 5 83 16 36 69 96 29 68 55 75 28 46 39 52 70 55 90 43 86 67 32 37 25 97 57 56 24 80 
8 43 0 71 96 34 80 25 84 76 99 28 30 27 57 69 93 13 60 1 27 29 0 2 6 72 55 32 39 34 99 15 45 84 54 11 88 81 57 67 46 34 42 15 72 31 7 89 70 20 56 48 52 44 88 8 52 90 77 69 93 42 86 94 59 38 1 78 74 62 46 59 26 65 71 19 36 83 72 16 74 93 94 31 76 61 56 46 99 95 25 67 
68 51 45 58 46 44 84 95 34 90 1 59 8 26 92 14 34 51 18 33 45 13 51 59 32 2 10 98 73 84 25 76 67 47 47 33 58 39 83 34 19 9 64 29 51 87 47 68 88 75 86 92 35 0 98 40 35 84 39 62 91 12 20 86 91 64 94 93 55 46 7 33 2 84 32 44 33 31 84 86 91 51 23 26 72 28 35 13 94 91 26 69 
34 7 98 13 4 19 80 97 49 37 86 18 78 92 28 28 85 67 21 20 5 23 35 41 16 92 46 51 1 7 89 96 88 70 28 94 85 21 22 61 88 65 3 26 47 92 14 42 79 50 92 74 58 11 64 59 75 21 48 69 99 44 50 81 74 20 53 65 54 60 7 69 44 30 51 64 27 31 40 36 79 37 88 27 9 74 91 67 45 25 4 53 
20 85 42 41 1 26 61 30 76 37 5 66 17 50 60 45 7 49 39 40 57 66 41 0 55 2 68 41 18 88 18 77 97 56 53 97 83 91 85 28 7 64 22 30 55 23 37 89 94 13 34 24 85 36 76 89 63 49 70 41 14 68 15 69 6 15 31 84 10 16 43 96 54 61 7 35 6 1 62 55 81 45 63 82 19 28 28 45 66 21 79 79 
29 72 90 58 6 92 39 2 16 8 65 69 77 20 67 36 62 91 67 41 63 83 8 21 15 93 85 69 35 8 25 8 59 25 39 96 1 73 86 15 95 39 47 73 13 60 8 9 76 21 17 68 82 36 26 69 57 44 63 44 99 91 41 78 36 65 74 87 72 35 40 7 29 86 95 65 90 71 24 94 74 48 71 35 70 33 17 51 89 96 35 11 
14 34 87 67 53 80 0 34 75 39 69 47 12 12 51 20 55 19 56 11 85 15 81 92 4 36 29 69 23 57 40 94 63 17 6 42 80 29 48 46 29 67 13 89 71 2 58 96 45 2 68 69 65 95 0 39 31 22 21 69 7 92 75 88 2 24 15 63 26 44 54 2 63 12 95 3 49 23 1 10 39 38 72 39 7 55 59 66 44 87 11 42 
54 12 90 11 8 63 94 2 68 77 39 28 96 25 60 20 32 87 95 97 26 16 35 92 17 51 98 35 23 38 21 76 38 98 67 84 1 41 35 84 80 74 62 49 81 4 88 16 83 55 92 14 69 60 78 42 93 72 90 26 43 29 59 31 56 97 21 10 80 84 74 47 63 28 95 28 89 32 99 27 70 26 40 37 89 42 57 88 73 85 89 69 
25 87 63 31 56 9 69 59 77 38 50 77 74 45 86 43 93 36 84 29 5 73 8 54 77 6 84 35 74 34 41 29 80 63 15 13 15 91 17 56 81 33 88 13 23 4 40 55 5 66 20 3 79 23 14 92 98 0 43 53 61 24 26 97 24 91 68 91 55 42 31 80 32 27 0 23 68 98 36 55 51 52 59 80 2 20 73 59 63 64 77 64 
44 63 22 23 95 17 54 51 50 31 31 12 57 57 22 51 43 62 74 8 62 52 13 52 45 37 90 49 89 74 39 15 69 46 51 52 94 90 49 92 66 25 23 0 29 27 65 85 42 32 86 74 44 44 54 75 68 77 27 60 24 97 45 33 86 45 80 60 63 55 64 90 48 84 65 7 23 89 59 94 87 13 1 68 57 81 9 45 87 65 63 4 
27 51 51 81 97 32 26 78 14 22 9 21 41 49 40 50 4 75 38 44 56 81 2 15 50 39 79 42 46 84 38 55 58 66 88 4 89 68 51 91 75 8 6 70 99 39 1 9 27 69 51 33 52 34 58 87 75 70 88 66 85 2 80 39 51 71 9 71 53 73 5 59 80 4 99 71 96 51 6 15 57 27 97 84 98 27 31 64 71 50 20 90 
68 32 10 76 19 14 58 91 91 58 44 1 96 60 66 46 3 8 41 77 5 93 70 25 68 21 11 9 75 86 34 45 3 53 47 0 0 4 79 6 34 91 50 30 93 31 41 82 75 26 65 91 84 2 12 44 17 50 97 2 54 80 8 79 30 50 28 97 58 7 64 90 22 33 93 29 27 69 38 91 74 78 67 60 74 35 0 42 97 49 18 89 
21 11 72 4 86 14 31 47 84 51 96 98 94 87 28 87 91 25 98 77 14 96 2 29 14 69 50 33 87 79 77 80 51 14 59 52 1 21 70 8 79 90 68 94 28 33 84 72 76 48 4 24 77 54 6 62 4 62 53 95 97 75 90 31 1 75 52 83 60 64 33 2 94 63 96 15 51 28 43 20 31 71 23 81 78 90 63 82 37 47 86 11 
86 50 21 72 74 92 9 94 19 59 46 13 26 22 72 3 83 83 71 46 4 84 42 46 61 84 66 22 81 16 98 65 58 15 35 93 83 34 60 20 55 64 79 27 82 66 43 56 80 15 71 47 26 44 66 77 50 39 90 66 87 33 2 17 25 94 90 14 67 9 90 73 82 81 31 65 63 33 95 65 90 55 36 2 22 39 31 45 12 67 31 9 
67 22 41 0 35 16 45 41 47 9 70 81 73 34 58 54 4 41 62 85 45 55 5 20 11 57 41 90 45 37 30 76 43 71 66 84 40 64 13 99 42 38 86 28 21 18 21 48 18 43 77 47 9 0 82 57 50 38 75 0 20 60 61 74 88 96 40 23 52 71 64 75 73 16 36 18 52 65 91 32 85 43 55 32 22 2 23 44 54 66 58 40 
85 48 90 80 73 96 92 96 59 48 45 23 76 94 77 0 4 16 4 86 8 9 82 65 4 43 49 54 3 52 98 64 0 10 69 62 3 9 6 3 21 3 44 24 2 78 25 44 95 78 97 25 71 49 12 3 39 93 55 43 95 2 11 86 17 62 72 16 81 45 73 64 22 81 6 66 75 31 76 72 46 68 28 42 99 43 30 36 31 40 57 7 
20 62 88 53 36 86 45 1 80 86 38 87 66 61 97 84 96 48 17 95 58 13 27 92 24 43 88 54 48 83 27 65 86 90 47 57 73 53 95 46 7 66 50 69 14 16 52 59 93 78 1 37 34 33 50 20 5 53 77 64 59 82 82 25 18 12 6 86 32 84 63 86 96 98 6 0 20 29 76 86 21 86 28 34 65 57 23 70 55 48 50 23 
78 42 1 69 3 65 66 20 17 29 16 35 7 54 9 66 61 72 95 91 17 70 86 15 57 0 88 18 25 78 15 73 34 98 81 3 58 93 18 60 72 39 70 34 65 74 6 42 69 46 36 71 36 95 35 98 12 14 60 59 36 41 80 39 71 59 44 3 59 60 68 41 26 59 73 34 81 86 44 84 45 82 59 49 63 53 66 41 12 92 88 18 
19 54 29 82 82 28 84 11 68 30 78 62 53 52 70 5 36 18 68 68 79 45 8 75 97 92 56 71 12 54 83 34 63 94 37 73 81 89 48 25 92 47 37 73 58 95 76 28 26 85 22 27 68 58 4 6 95 39 81 8 64 35 97 60 67 31 26 48 97 91 53 5 81 95 81 74 17 23 95 26 90 5 41 75 65 86 86 81 24 20 25 48 
19 59 30 72 92 30 98 63 71 61 66 97 56 57 53 39 19 76 83 48 84 28 67 38 92 67 75 82 89 94 23 84 11 46 63 57 21 55 17 66 9 40 47 51 36 59 71 5 58 7 9 82 50 28 26 31 35 28 65 26 81 20 32 42 55 89 90 20 27 30 81 58 93 99 12 83 77 87 57 9 47 27 12 91 21 31 55 22 36 78 94 0 
17 52 72 72 83 84 30 97 93 62 16 93 57 62 49 50 41 27 12 66 35 25 8 80 71 46 78 3 41 95 98 30 20 44 71 29 3 26 12 4 80 65 71 57 11 70 23 64 33 1 27 40 0 84 94 57 12 37 74 42 28 99 31 89 7 49 69 9 31 51 62 28 68 42 98 77 77 98 73 1 4 30 88 43 48 92 93 54 71 28 16 60 
99 5 27 84 26 91 69 60 59 95 15 73 32 32 21 77 93 19 36 24 19 6 33 39 81 22 53 98 29 75 88 63 92 61 29 96 36 50 64 54 39 72 11 89 36 52 31 97 2 68 43 42 65 25 43 28 25 2 94 97 33 66 62 69 65 24 57 41 90 90 94 52 51 27 86 38 73 59 38 22 27 41 66 79 3 87 86 27 82 2 93 25 
60 25 26 25 13 77 92 26 67 99 31 96 51 82 73 68 71 51 96 18 26 19 93 82 48 60 93 30 30 24 77 60 22 95 63 83 76 69 5 40 91 73 14 68 75 28 23 77 37 9 73 23 82 53 60 36 34 52 2 75 99 28 50 86 18 94 70 11 1 47 92 31 75 91 85 83 55 62 77 7 80 97 51 60 27 84 60 28 25 2 7 81 
67 81 88 45 64 36 51 54 50 27 10 70 31 71 34 21 75 55 93 2 11 71 76 85 92 27 8 7 2 40 93 93 97 63 4 46 37 67 22 94 90 98 25 62 54 87 61 6 84 63 5 40 23 3 34 78 55 34 21 41 45 84 36 9 16 7 33 32 84 85 11 49 5 99 99 67 41 73 76 47 8 51 9 63 55 40 14 47 99 38 21 38 
85 43 55 90 42 64 52 41 11 3 65 82 67 6 96 44 15 55 73 86 20 70 83 67 28 56 31 1 32 82 50 37 14 46 67 81 22 50 99 98 11 29 97 37 88 80 26 2 97 90 94 29 56 65 57 5 25 18 0 58 10 83 56 91 25 99 20 93 52 78 48 31 50 3 47 38 95 21 7 53 71 18 65 99 29 39 50 17 83 1 24 40 
17 4 81 7 62 59 86 54 88 11 11 19 36 17 79 30 62 35 14 0 3 91 26 84 57 97 50 67 29 78 76 10 13 2 79 62 0 22 85 76 93 42 58 27 64 47 84 55 28 9 4 8 12 25 31 84 81 42 78 58 84 90 32 12 26 7 97 8 32 56 56 31 41 14 23 67 95 5 87 95 17 4 63 17 76 92 34 71 98 94 37 63 
68 47 87 90 16 58 15 80 41 76 80 3 19 64 13 82 28 74 52 93 53 98 45 82 7 12 4 90 18 82 87 70 48 30 19 53 27 88 10 4 28 8 41 93 71 35 52 77 12 36 83 25 73 47 26 68 54 60 81 11 67 85 73 50 12 39 78 43 79 48 29 45 8 39 75 96 37 87 41 23 46 97 28 83 71 97 84 62 69 50 49 60 
47 11 65 36 81 14 73 26 80 79 84 26 94 96 22 84 57 25 99 81 91 19 82 19 16 31 81 38 63 40 99 56 28 29 5 35 31 54 84 37 82 51 8 65 85 88 21 33 7 56 58 31 98 68 50 90 80 30 92 89 20 87 72 3 72 23 17 92 25 45 34 72 62 71 80 94 14 60 45 11 71 80 50 97 96 37 40 30 43 48 90 78 
46 84 40 86 37 47 19 75 35 50 20 7 86 64 60 55 48 2 82 98 5 54 8 98 64 50 80 93 70 9 81 91 30 73 99 7 86 36 61 44 99 40 55 18 75 85 8 54 76 39 8 7 46 42 31 31 59 55 9 70 55 28 99 1 98 87 65 8 50 31 50 58 34 13 32 54 69 83 33 59 74 63 10 20 40 87 88 71 61 72 49 69 
35 49 52 52 14 66 45 83 3 70 7 86 15 79 98 74 57 77 49 12 53 2 89 55 96 25 25 91 89 32 46 34 30 77 62 99 29 50 28 26 16 53 7 11 47 95 71 49 65 51 75 71 69 32 85 75 34 52 12 51 35 17 36 54 45 35 79 15 92 87 26 0 36 6 18 2 49 25 65 9 54 30 40 12 31 61 2 32 66 57 52 30 
60 78 93 31 98 19 22 51 78 44 82 22 97 0 0 75 42 25 66 13 25 73 82 81 79 28 28 59 25 48 10 94 72 10 95 91 27 34 0 72 60 11 10 54 58 28 14 49 85 19 82 18 12 41 48 92 72 23 2 98 73 83 72 72 38 31 68 33 86 59 59 38 86 54 88 37 55 12 46 37 76 59 63 6 81 37 98 73 34 88 65 67 
15 65 68 95 67 27 1 77 13 3 61 12 83 31 41 88 48 20 75 91 51 9 3 83 78 73 97 70 67 32 17 68 76 71 82 25 46 79 5 75 10 1 93 63 95 0 1 86 81 46 26 74 47 68 91 16 85 2 12 41 68 60 58 39 98 67 52 62 59 99 63 35 3 30 44 11 31 30 16 75 30 21 1 3 96 70 55 0 0 31 71 50 
68 2 31 35 47 41 40 40 64 35 86 34 58 80 69 88 47 13 57 59 11 18 3 54 17 21 19 73 45 49 46 70 60 83 97 69 89 16 73 29 83 11 31 78 33 46 80 13 46 25 45 62 40 3 40 31 54 67 78 35 71 87 50 69 75 71 32 59 70 52 96 2 24 67 46 9 51 13 17 34 4 94 24 69 41 16 64 65 88 38 38 84 
81 89 90 19 70 74 68 15 24 21 27 50 12 79 91 66 63 68 45 61 66 12 50 90 2 4 40 24 83 91 1 10 49 20 2 75 32 16 33 59 33 9 88 10 82 46 81 17 91 56 23 44 24 51 70 75 51 51 11 42 50 6 0 51 6 87 91 34 47 64 98 89 60 93 54 86 99 62 5 34 22 67 63 28 57 30 37 59 4 78 90 65 
66 51 94 89 75 83 40 59 51 32 36 88 92 67 42 89 42 65 83 50 24 16 65 56 6 83 39 94 1 4 79 65 34 98 32 83 86 55 77 0 1 74 7 52 3 18 43 76 96 69 71 83 60 40 70 89 10 80 84 9 6 45 40 31 22 39 79 41 14 3 30 54 29 24 23 50 12 59 1 50 41 52 20 43 84 2 53 43 38 47 44 70 
91 2 45 63 80 22 93 56 59 40 20 32 38 68 47 64 34 73 52 1 8 11 88 85 87 11 38 29 57 78 38 22 49 82 88 45 82 38 94 98 5 81 38 36 36 55 9 40 31 92 97 27 57 10 97 65 93 2 98 8 20 18 11 42 70 82 75 84 12 17 56 77 68 99 80 7 96 49 47 4 66 1 67 32 89 13 92 87 94 15 20 71 
34 83 67 85 71 41 5 17 19 69 45 47 20 17 6 56 22 19 98 94 39 84 2 61 80 20 52 56 86 55 64 0 40 29 58 95 69 52 66 32 46 64 50 82 45 60 1 64 65 58 41 58 34 31 23 58 85 95 51 2 49 37 91 81 77 80 40 4 6 49 51 64 6 24 39 5 43 78 68 15 74 9 18 54 70 40 84 59 73 42 11 39 
71 66 23 86 14 4 64 57 91 15 11 54 26 70 68 29 38 66 72 81 88 67 55 51 81 35 95 71 99 68 21 34 16 61 78 61 63 89 55 96 21 32 90 29 23 30 4 0 58 13 11 17 48 20 41 42 94 71 24 11 28 99 93 43 44 94 84 35 95 22 9 15 22 76 9 3 61 0 24 8 3 74 99 39 13 75 32 69 85 20 5 11 
43 33 18 38 19 38 75 79 66 13 37 33 32 15 62 81 83 68 8 3 45 74 11 21 52 38 3 90 94 31 92 14 5 3 90 31 69 88 13 31 29 32 81 49 93 26 15 58 90 34 0 67 12 15 0 21 24 67 3 64 5 15 64 33 97 6 51 87 34 65 37 88 96 85 3 46 31 28 80 56 17 5 43 47 96 76 73 20 98 67 48 56 
31 73 10 67 60 60 10 48 67 8 92 14 50 90 84 21 9 78 27 4 32 75 15 0 70 18 90 61 53 31 2 48 34 88 81 21 34 34 58 88 26 13 84 80 64 72 24 7 10 43 30 21 24 39 30 36 92 84 79 69 18 5 17 73 91 56 33 79 14 80 73 30 64 37 67 19 5 39 30 69 92 28 0 77 97 80 49 88 47 95 57 8 
1 6 96 20 30 94 62 33 92 54 81 34 14 99 8 82 46 67 12 62 26 84 42 5 34 7 19 73 80 46 23 85 89 74 25 32 79 77 89 78 93 95 23 72 18 20 76 14 18 32 64 38 95 59 67 68 92 0 50 22 29 45 73 57 14 56 74 93 86 94 97 42 36 33 67 97 97 83 62 35 30 58 23 69 97 50 11 36 30 60 24 11 
87 61 19 0 69 38 63 63 96 4 54 95 31 3 13 63 84 53 26 41 57 40 72 99 51 36 22 50 9 25 62 64 11 9 38 89 38 7 10 98 91 51 44 47 55 44 64 44 77 5 84 11 52 92 5 68 37 54 97 41 37 32 0 1 27 86 65 89 48 10 69 47 48 76 40 7 90 58 81 35 66 51 97 30 2 32 0 37 67 79 26 10 
69 0 77 47 73 51 80 71 64 41 81 20 68 86 25 50 36 91 8 68 69 63 64 21 72 78 34 0 32 19 68 57 69 3 94 60 67 72 84 53 13 30 90 11 53 26 59 85 80 88 17 59 12 11 89 81 54 80 79 67 14 87 4 85 22 64 28 58 63 90 12 21 55 54 88 43 13 7 99 36 51 5 87 68 53 40 53 6 71 19 30 37 
96 30 28 63 43 94 56 4 83 4 44 11 76 58 23 72 74 41 96 66 8 62 12 32 90 48 2 91 19 99 13 34 78 33 27 75 17 63 57 62 41 47 52 36 29 84 66 58 17 21 74 24 96 95 58 65 93 86 82 21 67 92 70 87 32 23 85 64 4 41 62 40 44 62 45 64 57 25 18 10 7 62 73 82 66 84 38 45 0 43 69 60 
95 78 86 6 78 65 38 15 91 78 58 19 27 65 26 87 98 84 23 26 15 53 58 83 7 65 23 3 82 74 65 3 38 53 85 93 96 1 47 92 59 28 94 65 28 77 99 60 88 99 92 76 28 85 16 48 10 81 47 91 30 0 92 99 80 61 74 54 98 74 15 54 95 24 50 24 30 25 97 64 32 33 19 19 44 26 3 89 80 42 36 29 
26 68 42 20 47 2 42 67 97 49 31 74 23 30 53 95 56 26 3 34 77 18 94 7 13 61 44 21 85 70 59 14 5 14 17 5 32 27 73 11 79 20 61 0 17 78 93 2 76 83 85 44 68 85 94 0 61 61 17 29 52 31 3 44 67 91 47 71 1 46 67 23 33 27 63 3 42 27 52 33 17 60 87 55 81 71 50 90 11 39 48 9 
53 31 30 33 44 58 35 6 14 65 48 37 71 77 93 76 89 23 99 20 95 78 42 70 55 89 64 94 31 78 93 84 93 95 2 84 91 79 81 65 63 1 3 59 9 58 77 27 59 17 97 16 30 28 57 75 98 57 66 62 84 95 70 59 64 43 84 77 50 31 82 97 6 78 17 95 52 35 61 99 19 44 20 67 42 79 44 91 91 36 21 0 
64 69 93 2 25 51 68 0 76 18 61 94 6 85 10 87 62 3 88 5 47 2 78 23 43 22 88 13 66 50 77 55 10 76 46 48 52 79 90 78 45 59 26 59 97 72 86 46 8 66 62 93 87 45 76 79 49 74 72 62 30 43 6 71 30 73 55 6 39 23 89 85 77 70 57 73 23 23 89 92 39 65 8 62 68 30 58 91 24 29 20 30 
24 27 83 8 44 79 10 75 79 70 27 27 24 71 75 36 61 96 62 50 77 52 41 57 53 74 28 95 16 46 92 17 55 66 85 15 28 30 94 49 70 2 58 99 42 39 23 7 54 90 18 74 4 41 5 25 79 59 37 40 81 2 81 30 40 3 36 42 98 15 23 45 16 30 86 1 19 86 53 67 27 49 57 26 50 26 9 3 66 62 74 68 
59 28 22 77 6 24 52 91 18 86 90 90 60 93 45 89 36 83 62 96 64 28 98 89 89 7 35 3 9 70 75 21 78 93 19 16 50 99 32 1 76 53 46 86 43 36 53 39 31 2 81 41 80 48 23 95 87 83 90 89 52 77 92 38 2 7 8 21 75 82 78 36 16 54 71 22 53 36 87 40 13 27 70 75 96 14 62 12 34 34 83 44 
92 58 80 71 39 89 94 61 10 35 80 48 82 13 81 45 72 79 47 94 66 7 17 49 51 16 40 8 4 85 3 41 57 84 33 64 10 60 48 7 22 47 75 46 98 9 65 85 67 26 73 7 34 78 87 56 25 7 41 8 3 59 63 43 18 17 53 77 73 23 30 96 8 30 70 32 28 90 42 43 68 77 65 34 42 51 75 20 56 11 68 54 
62 45 39 7 44 75 13 31 61 83 73 56 32 76 87 64 32 65 5 58 87 72 54 55 8 50 65 33 97 84 11 16 48 74 89 25 50 4 96 56 67 87 84 54 85 77 72 13 14 69 8 84 89 98 57 18 53 76 38 54 43 94 64 73 15 18 67 61 73 54 40 2 97 87 47 27 99 53 78 47 99 55 65 2 50 33 66 8 18 4 89 92 
35 73 24 5 62 10 52 26 88 10 47 0 76 68 27 79 79 4 21 90 13 22 19 51 97 40 92 79 49 70 90 14 20 45 62 40 89 61 32 65 76 40 98 98 21 65 38 53 33 65 88 74 41 26 95 68 62 98 61 69 12 51 17 5 19 97 28 62 55 72 8 1 64 88 49 33 50 87 34 90 80 86 41 19 32 52 59 77 11 88 3 69 
21 14 19 1 27 43 0 52 98 38 90 63 97 86 19 83 29 69 19 94 53 9 54 34 28 87 65 29 17 11 99 87 94 64 95 70 22 1 87 45 89 31 33 79 87 6 10 70 96 3 95 32 79 76 12 62 10 60 17 13 38 17 32 11 65 16 21 19 72 60 97 32 4 52 34 20 1 43 64 12 25 86 32 5 58 41 34 67 11 54 89 9 
26 63 64 5 36 15 97 56 98 61 57 83 31 88 43 99 59 91 62 3 70 37 29 4 60 93 10 13 17 17 55 45 72 73 53 78 33 80 20 15 4 66 41 94 2 44 95 84 42 68 63 90 81 97 67 15 70 52 10 72 22 90 42 80 69 43 72 12 46 43 29 86 53 36 47 55 53 95 70 42 46 16 77 2 29 45 12 79 27 74 59 40 
68 60 47 62 84 49 37 73 25 13 1 26 53 51 44 19 52 89 49 94 94 53 18 1 81 85 86 7 21 59 89 26 61 48 96 25 50 67 64 96 60 37 46 6 13 50 11 27 19 39 98 84 10 20 11 45 43 14 69 73 60 43 40 93 95 33 7 59 91 92 0 73 22 31 10 47 85 99 50 10 54 12 95 27 40 57 76 88 98 7 35 86 
1 86 67 69 52 84 83 12 74 42 42 36 31 68 20 37 60 25 35 36 61 45 76 60 73 60 48 12 65 21 38 78 27 35 15 42 51 51 69 34 35 11 2 90 90 27 57 99 71 43 79 21 36 21 32 31 83 73 45 8 18 83 41 80 99 40 20 88 19 9 96 79 19 69 36 81 93 49 96 26 77 91 10 69 36 77 26 87 14 12 13 4 
32 41 77 5 61 91 18 83 86 39 28 59 73 98 56 87 99 57 89 22 59 59 48 96 67 0 65 41 13 69 61 85 39 96 52 24 16 69 88 31 19 48 13 23 42 91 65 59 32 40 68 62 12 76 84 67 22 18 78 5 45 99 41 29 95 43 48 50 96 59 52 1 45 1 0 59 82 68 60 65 48 85 74 15 29 91 83 33 65 0 55 42 
82 92 56 42 80 3 60 55 66 11 40 28 78 0 48 31 40 69 25 81 19 32 25 65 97 62 21 73 65 5 3 81 10 22 15 18 98 15 65 62 18 54 96 36 9 32 45 50 65 54 32 12 53 90 96 59 25 34 42 82 36 73 2 57 52 79 14 35 89 56 58 5 91 24 30 17 62 38 92 77 60 47 32 80 58 90 0 66 89 39 69 65 
39 17 77 68 70 97 65 88 45 29 91 21 86 97 44 87 13 81 31 96 34 67 62 47 58 41 15 85 51 72 76 91 11 88 19 40 0 33 64 50 86 38 44 17 66 4 40 91 34 30 72 78 90 60 82 40 97 46 32 82 62 39 1 37 66 99 36 77 71 23 30 19 44 12 6 47 40 95 80 91 29 23 59 24 5 24 32 59 95 77 83 15 
68 39 33 85 98 29 93 24 39 15 56 9 51 74 8 32 39 65 20 53 2 15 90 81 6 77 68 56 48 19 45 60 17 11 99 93 13 75 16 81 71 97 26 50 47 16 46 43 12 1 26 60 41 0 87 6 90 77 77 27 64 55 80 54 63 81 53 32 53 44 72 60 87 93 36 4 80 23 53 17 78 52 36 84 50 14 50 31 76 25 60 93 
19 90 91 81 11 87 29 10 24 84 82 48 16 98 86 86 22 74 87 86 6 27 15 29 61 17 73 48 69 22 41 72 22 55 15 9 31 94 88 83 16 12 67 34 30 54 31 32 54 70 98 33 75 8 3 79 2 58 6 84 36 62 8 62 67 98 94 89 39 78 98 64 52 31 92 13 8 83 52 7 78 90 2 39 30 72 60 75 85 13 92 96 
14 42 68 58 39 56 23 14 62 71 30 91 91 78 65 62 3 87 69 33 75 3 53 80 15 23 53 88 98 96 35 51 71 77 42 16 54 81 22 99 73 13 49 54 51 92 8 9 46 40 97 60 41 20 77 15 5 9 35 33 74 26 92 46 86 1 18 72 61 15 95 10 47 44 92 8 7 85 83 58 78 63 34 63 1 61 21 41 56 10 82 20 
15 36 62 93 59 37 96 47 18 0 11 68 89 12 52 57 54 94 73 44 66 16 86 38 17 47 2 26 13 93 90 44 86 92 85 40 23 68 44 3 39 68 61 52 46 13 76 73 34 86 74 91 35 95 94 9 63 5 3 13 32 84 11 70 19 26 85 82 34 8 37 46 58 14 54 76 27 50 63 37 34 94 55 61 64 44 70 96 1 20 48 7 
0 30 44 48 87 92 91 35 19 63 28 31 68 78 28 17 15 77 24 7 66 53 62 32 10 51 5 36 25 31 81 68 98 66 46 88 28 77 38 17 7 87 17 42 82 69 1 14 31 12 96 65 86 23 54 49 13 36 81 15 97 70 78 3 29 93 73 97 7 10 86 26 97 78 36 47 50 22 45 76 95 76 59 2 10 9 12 31 44 19 52 71 
15 62 96 9 10 32 69 34 21 17 52 27 41 85 21 26 18 97 82 47 42 66 60 6 90 10 58 15 7 51 39 79 61 62 22 57 16 73 97 34 24 62 83 51 93 88 83 16 41 59 74 90 72 92 9 53 90 75 35 41 3 58 73 75 81 47 61 49 0 97 23 82 30 91 27 95 14 91 95 19 78 87 24 78 66 3 52 11 58 39 31 80 
96 50 80 19 1 44 0 83 13 24 25 27 49 39 4 27 19 50 53 57 47 34 20 99 88 27 78 77 14 10 91 21 69 52 90 19 79 73 95 11 80 94 19 86 27 31 71 90 62 88 20 21 7 59 95 77 93 44 66 85 18 41 1 24 66 93 44 20 34 75 10 18 8 39 11 25 71 49 31 85 67 87 90 51 5 91 28 43 26 29 98 5 
10 43 27 40 12 59 42 5 10 89 81 16 34 62 7 62 96 41 48 28 3 26 69 47 11 49 7 29 78 84 68 0 42 45 13 54 99 79 64 38 70 36 45 25 45 17 48 64 88 38 55 34 45 12 2 86 92 77 41 73 89 84 9 86 62 42 38 50 70 1 97 35 84 87 25 12 2 70 10 83 33 36 50 8 30 18 1 18 36 72 76 85 
97 40 25 87 50 30 41 75 22 96 34 76 39 46 2 26 41 11 85 44 13 12 55 70 62 45 73 33 31 97 18 9 23 21 60 56 63 2 41 54 46 46 71 1 31 62 22 38 9 82 9 41 51 57 14 63 48 99 44 2 72 29 7 83 98 68 57 31 19 6 79 83 39 58 32 82 0 50 11 17 82 76 37 20 35 19 25 4 32 45 40 81 
81 90 29 21 19 95 93 10 91 64 9 77 0 15 96 80 42 63 57 27 45 37 54 4 56 83 6 24 31 83 66 42 5 79 22 31 81 75 40 76 51 86 14 13 14 67 0 50 1 0 42 92 18 37 44 49 52 16 65 57 89 69 29 30 72 58 85 95 42 44 74 1 76 64 66 46 93 88 28 4 49 22 32 47 0 52 34 55 18 67 40 32 
5 51 75 23 94 47 27 94 82 78 86 1 76 5 98 2 23 27 48 38 50 16 86 12 80 18 98 2 42 15 37 68 16 72 10 95 7 62 3 15 82 53 14 36 9 73 1 30 31 88 84 12 48 42 56 77 5 31 2 86 36 77 15 35 17 90 31 65 3 56 61 56 18 76 16 59 25 5 3 21 67 39 11 99 55 53 95 76 4 83 31 44 
44 16 98 2 81 35 58 89 78 81 81 94 97 49 60 92 77 32 37 57 47 64 70 21 51 40 90 26 32 33 77 11 18 56 15 25 95 1 58 71 0 56 83 29 47 94 68 17 66 27 97 59 40 31 25 24 80 87 49 54 70 79 59 71 90 46 61 87 88 50 29 39 46 89 24 72 41 25 55 53 51 61 66 27 74 0 60 35 34 19 9 77 
33 55 91 64 84 41 28 9 43 55 29 97 62 36 59 0 43 24 96 16 59 86 97 20 24 27 11 46 49 99 5 79 50 18 47 50 12 62 56 50 53 25 51 98 85 27 45 80 32 68 84 43 96 71 51 91 39 19 33 41 62 80 25 39 96 37 64 1 18 92 10 75 74 38 62 81 55 87 12 54 33 50 46 48 52 71 13 95 82 6 19 4 
23 37 97 14 32 46 89 98 2 3 77 72 16 27 76 94 25 58 22 19 49 56 24 77 77 94 83 57 18 66 81 8 65 67 26 64 18 62 80 91 41 44 38 29 34 83 83 21 57 79 43 98 88 55 96 40 78 5 15 81 70 5 99 83 40 25 10 68 81 77 35 42 93 30 7 61 46 28 88 98 76 71 65 89 40 58 23 35 58 28 43 38 
55 97 24 91 93 11 76 67 33 34 83 62 43 49 94 96 8 25 83 33 19 93 94 65 94 23 89 93 15 22 18 73 64 83 61 95 66 6 5 29 83 59 0 71 91 2 46 20 30 73 84 15 8 5 5 93 25 13 2 38 24 31 8 26 46 27 90 59 53 49 15 29 11 11 37 30 26 17 48 23 21 70 10 23 56 40 55 7 59 39 53 3 
5 39 62 69 0 69 23 88 4 25 13 12 4 85 71 25 38 89 6 2 47 90 14 77 84 29 38 0 40 47 28 86 50 47 78 21 23 49 56 84 45 37 55 86 11 47 83 26 68 22 2 12 12 79 64 1 46 5 52 75 61 91 21 25 46 71 79 70 62 34 0 17 18 37 90 74 91 63 35 7 61 20 68 98 91 39 28 47 64 95 76 14 
21 77 77 11 7 38 50 26 18 2 56 85 89 94 89 5 49 58 83 38 35 72 22 44 13 51 49 71 28 96 23 38 97 99 59 64 44 76 45 75 59 24 20 66 24 27 84 18 4 69 57 74 64 22 2 69 13 99 40 94 28 31 84 66 9 18 44 48 57 5 31 14 32 19 40 43 13 5 19 3 41 90 3 80 74 49 91 90 4 83 50 2 
91 56 35 91 32 58 21 11 62 38 20 50 85 8 43 57 94 87 19 2 55 42 46 6 7 1 46 19 21 91 60 21 0 84 44 13 14 43 31 6 75 67 81 28 99 76 14 70 65 69 35 95 31 0 78 89 49 31 65 7 69 38 57 62 89 54 28 91 81 85 97 19 52 47 84 48 14 81 53 80 61 12 83 7 56 46 54 14 62 94 6 35 
99 86 75 21 37 30 66 50 98 71 18 16 26 10 99 85 57 48 24 97 30 39 24 90 15 63 20 80 0 30 8 23 56 22 20 74 56 53 66 2 87 23 1 12 43 93 94 4 97 37 47 79 39 55 37 76 35 15 2 55 73 32 4 90 32 61 6 22 81 47 36 30 68 12 87 79 8 23 48 5 77 48 13 77 10 43 22 8 49 73 9 71 
24 83 25 65 82 24 45 31 2 86 5 91 80 29 88 25 29 84 88 27 74 1 51 79 82 87 23 51 61 70 73 4 36 72 7 16 90 72 19 67 82 88 96 9 72 11 19 39 58 89 61 27 95 7 33 90 23 48 45 12 34 11 81 3 43 6 10 62 57 27 74 69 41 97 65 59 71 3 58 47 91 17 84 76 97 24 47 28 61 41 11 96 
28 42 58 95 92 22 99 76 95 94 99 41 19 92 69 86 22 35 39 99 17 33 39 24 43 79 84 71 52 63 21 39 13 92 84 99 7 14 61 2 7 69 14 63 80 89 71 62 92 40 19 86 66 56 1 73 74 39 98 41 88 97 79 57 66 25 67 65 20 53 84 63 17 60 47 72 40 29 11 74 22 90 38 28 63 99 42 87 33 5 51 44 
69 8 90 65 73 1 99 4 54 12 65 4 39 27 29 66 55 99 10 7 20 45 51 41 33 85 79 3 1 90 55 35 39 35 69 96 42 60 7 73 3 6 34 48 22 37 22 83 25 32 10 17 9 17 47 97 2 66 51 73 74 36 52 23 14 18 17 57 72 6 16 74 78 24 61 9 76 4 52 94 94 59 33 15 25 53 95 81 60 19 82 5 
99 48 16 98 90 54 60 93 44 22 18 73 63 72 18 48 45 82 55 71 90 24 71 30 53 3 28 60 17 51 85 54 28 26 69 66 39 70 60 8 65 30 33 32 54 65 75 16 56 89 53 78 49 56 98 73 85 66 97 97 67 26 34 45 10 74 1 33 73 62 93 5 20 28 21 1 39 28 74 59 98 91 88 79 19 62 84 6 84 97 24 74 
96 5 44 45 1 31 12 9 64 15 69 77 0 34 61 39 2 48 51 62 39 69 17 26 16 63 0 34 54 61 19 11 2 8 8 32 12 59 72 65 28 52 14 84 22 98 26 26 95 86 60 40 89 39 44 52 12 54 35 60 8 91 36 90 3 33 51 35 80 77 71 97 1 90 19 89 78 65 88 75 22 77 47 75 71 13 1 56 92 71 19 42 
58 45 59 92 69 3 82 65 92 68 58 6 40 76 88 5 26 31 23 64 84 57 7 24 95 51 43 90 78 19 98 21 55 60 78 14 75 19 65 76 92 30 69 82 75 55 34 4 17 16 14 35 87 27 8 70 77 13 80 30 27 54 99 53 24 76 83 55 36 91 98 29 78 93 92 39 67 94 52 77 5 52 46 51 20 30 91 35 2 11 10 16 
52 30 71 61 36 77 95 6 22 23 47 47 67 38 74 84 29 45 2 41 38 43 43 80 3 71 87 96 58 37 18 8 3 17 61 42 56 66 30 89 40 21 99 63 2 25 48 57 95 17 8 92 13 13 45 30 24 5 12 12 56 58 47 15 29 7 1 43 55 73 96 36 2 27 54 69 25 82 82 66 19 33 19 65 14 53 92 9 76 76 30 44 
40 92 55 8 11 43 47 93 2 65 60 37 11 97 65 80 92 41 20 63 99 98 54 93 96 53 31 54 21 49 90 52 88 33 84 27 51 69 76 92 85 69 72 90 41 62 82 90 12 94 10 25 92 3 33 0 12 55 51 99 4 7 83 71 5 14 55 92 7 66 75 31 38 78 34 97 11 63 68 64 16 45 23 50 15 84 53 69 1 81 12 98 
54 3 21 19 73 36 11 3 13 17 44 3 68 77 34 56 81 26 20 81 13 77 48 76 67 82 5 33 84 61 74 30 9 56 97 85 68 53 54 44 63 78 48 40 21 96 90 26 79 82 40 59 55 76 49 74 39 36 85 92 92 20 20 87 11 62 98 52 89 2 18 28 24 6 25 50 61 96 40 19 89 32 35 86 65 49 26 32 17 95 37 1 
78 58 15 61 6 54 8 94 25 27 32 85 95 48 90 24 41 25 49 24 43 94 97 96 59 75 50 38 59 10 94 81 5 51 71 73 16 63 35 3 7 40 44 5 82 49 0 10 9 91 9 47 13 8 91 7 86 39 94 16 95 25 55 19 46 3 92 85 15 42 80 65 64 92 58 71 39 48 72 38 48 90 68 98 47 57 35 3 54 29 10 67 
