66
52 81 60 70 66 64 36 48 52 74 74 28 3 53 76 20 97 72 30 85 19 62 86 69 68 79 33 51 30 97 90 28 56 78 77 7 68 48 28 32 11 90 1 98 35 5 88 81 46 59 40 1 40 59 42 53 95 91 59 2 59 36 74 3 58 89 
17 90 34 83 48 82 81 3 98 13 26 68 61 84 41 97 20 81 21 5 12 1 31 11 31 40 80 21 54 14 4 95 98 56 86 48 38 56 96 78 16 38 79 12 16 69 84 97 47 18 82 11 2 83 43 54 35 19 6 16 61 38 56 82 28 49 
32 45 84 72 85 34 75 76 87 67 65 44 45 20 24 91 2 63 58 69 35 8 42 72 45 24 32 53 72 69 73 60 7 36 71 37 9 68 27 5 5 94 24 33 94 17 7 29 89 15 88 54 15 66 1 78 88 31 80 1 26 65 59 26 48 30 
63 58 82 51 4 9 18 69 44 56 97 33 57 72 80 4 98 2 67 23 78 38 79 72 42 21 48 1 17 14 62 99 91 14 98 75 75 82 53 84 95 18 84 82 21 3 6 98 10 41 27 24 55 84 15 94 77 21 20 66 72 62 70 91 84 82 
15 97 79 18 31 19 79 37 89 19 95 3 52 9 17 7 63 64 48 83 12 30 40 37 33 3 58 19 91 78 78 99 19 88 33 22 55 34 12 71 18 86 59 88 6 97 19 40 51 12 11 96 25 33 50 73 82 37 53 88 22 92 93 14 36 97 
59 73 62 41 8 35 14 95 34 38 71 30 24 41 99 34 38 59 26 5 44 70 61 6 73 7 86 97 29 77 76 55 43 88 39 68 38 33 21 54 95 16 16 40 63 9 91 17 84 71 77 99 30 19 61 41 24 41 84 57 33 30 69 94 41 95 
7 78 25 5 50 80 74 74 76 90 54 20 59 66 26 29 15 75 47 99 78 99 96 66 16 31 34 64 93 7 87 61 74 81 10 56 19 76 23 86 60 34 71 62 27 63 62 45 98 1 1 0 87 78 92 65 53 73 40 3 83 85 7 27 50 27 
36 48 23 23 91 30 39 74 75 63 43 48 38 10 42 21 62 46 66 6 92 47 87 49 71 36 38 77 0 0 42 21 17 67 58 28 77 50 62 32 41 44 24 56 17 53 18 34 59 59 26 94 81 99 75 69 34 21 20 34 6 46 52 99 27 12 
32 44 17 4 32 6 67 87 84 35 80 45 63 74 59 68 7 66 78 10 49 23 99 64 16 37 42 35 5 77 15 3 84 26 56 6 66 41 95 54 40 74 54 92 81 44 40 98 29 79 59 64 44 44 16 92 90 89 43 59 24 31 97 8 84 26 
77 48 87 97 90 60 53 88 83 68 62 11 92 20 92 24 69 12 80 32 69 17 62 6 57 39 5 21 21 52 39 77 32 67 64 10 35 41 17 41 39 1 49 24 64 30 0 5 3 16 6 71 44 35 83 65 77 39 29 19 6 85 37 50 85 79 
0 68 8 85 13 70 51 0 8 0 96 8 85 87 29 25 10 49 60 74 59 5 22 99 60 21 62 21 98 10 97 32 32 71 39 56 62 67 30 13 59 9 40 66 83 57 39 58 79 97 68 70 89 86 80 2 41 58 79 19 58 96 71 13 12 15 
61 27 62 6 28 96 7 96 7 29 78 88 98 89 42 81 45 96 73 89 67 73 37 12 41 99 54 0 43 23 43 95 30 60 59 13 81 8 84 5 30 39 98 79 85 23 38 76 10 75 79 46 20 8 15 49 74 69 4 63 94 2 25 49 26 5 
87 12 82 66 85 76 77 62 27 23 68 75 92 69 61 22 79 35 58 26 64 39 60 89 81 72 87 85 75 59 96 17 84 26 42 81 18 88 84 13 57 91 27 6 3 86 84 56 97 74 49 68 63 16 24 35 41 36 42 53 25 47 17 16 44 67 
38 39 64 63 58 72 24 91 19 48 40 53 64 10 69 31 37 13 89 45 14 8 84 50 75 49 94 31 45 70 85 24 92 77 71 28 25 27 25 8 71 28 3 95 53 25 23 69 95 74 70 78 74 91 10 86 31 23 71 16 4 96 49 72 34 14 
74 26 59 22 66 49 32 7 91 0 3 2 20 60 38 91 17 95 83 96 96 37 33 56 95 62 90 5 26 0 59 40 66 3 57 98 52 30 52 93 92 64 21 3 98 93 82 79 74 56 35 19 24 18 17 83 35 65 10 8 63 55 96 96 58 29 
98 13 44 76 57 77 7 47 53 2 58 55 96 84 86 33 8 80 51 94 92 42 58 89 77 11 36 1 91 57 67 49 84 69 20 43 14 12 80 57 65 14 40 31 55 95 21 9 63 15 38 88 77 22 17 42 95 37 64 95 50 32 92 63 29 73 
93 61 88 74 86 58 69 67 64 0 83 59 82 34 55 13 3 85 20 38 11 59 8 62 85 84 37 45 54 3 34 45 48 21 38 54 81 41 47 65 7 50 60 6 13 18 86 1 44 72 93 43 17 34 67 3 70 57 30 64 32 21 31 6 11 40 
4 69 18 24 53 45 63 26 3 69 43 39 14 19 75 41 69 37 58 5 33 6 7 81 47 20 67 73 51 78 12 60 94 95 69 77 36 69 49 47 11 35 84 7 4 51 6 65 63 48 71 86 58 33 16 36 19 29 7 91 96 63 73 57 36 27 
5 10 24 3 94 74 48 9 99 23 43 45 59 23 27 11 28 47 50 15 89 31 31 45 63 63 12 7 24 17 7 22 95 77 81 46 72 30 35 39 89 35 89 33 32 31 2 35 47 61 61 40 62 73 69 58 27 72 0 80 71 71 70 51 70 83 
46 38 29 23 19 32 1 71 36 92 75 58 2 51 19 84 26 60 90 19 79 93 80 56 71 77 76 96 78 80 75 76 61 71 79 82 60 97 92 51 61 8 34 67 33 88 6 96 10 79 47 24 85 45 70 41 71 7 26 98 90 91 13 20 48 26 
72 78 50 26 25 3 96 87 64 47 91 66 21 33 61 30 45 28 5 59 24 24 10 60 96 69 14 96 25 19 83 57 14 76 42 82 25 63 17 48 20 29 70 40 75 87 63 51 74 44 5 59 50 29 73 69 32 99 58 64 50 69 16 66 11 15 
63 58 95 82 75 87 64 98 32 51 92 90 55 76 47 63 80 0 5 88 68 43 21 47 38 39 29 5 13 20 18 60 29 70 16 66 79 8 91 21 69 19 77 58 3 72 28 38 19 47 89 25 10 41 46 86 79 97 86 33 80 47 66 49 17 25 
52 73 29 84 72 74 15 3 6 34 77 71 41 68 56 67 45 96 1 75 73 70 92 81 0 51 42 35 45 1 14 84 70 37 49 21 89 2 40 12 94 84 81 17 42 66 65 78 58 33 83 9 69 87 14 56 75 9 46 64 90 65 32 79 94 12 
75 21 57 8 51 58 94 34 57 63 83 27 25 82 51 8 97 23 6 56 15 81 16 57 91 35 56 92 59 41 57 83 30 43 92 92 36 24 57 29 15 59 97 71 77 11 13 85 10 82 96 81 65 21 27 36 0 23 85 91 64 43 83 98 19 39 
38 55 48 99 72 65 1 11 50 11 16 39 39 99 52 61 11 51 80 68 67 47 10 87 4 16 94 65 31 17 6 73 23 61 30 15 83 98 93 30 95 62 66 60 78 75 17 87 83 85 10 50 0 16 65 69 21 66 61 14 10 84 51 2 23 57 
66 59 16 36 35 32 25 0 35 94 30 26 22 38 84 23 33 50 51 56 0 16 48 38 53 51 51 75 93 76 10 59 20 36 54 95 97 97 10 10 72 98 45 18 87 41 10 18 12 64 12 90 29 69 36 39 55 11 66 98 89 21 64 99 77 50 
55 43 5 37 31 11 28 12 2 52 68 41 61 29 71 22 62 0 98 58 19 42 50 8 53 24 91 28 1 22 48 44 67 52 36 45 65 56 35 48 91 88 12 72 89 9 39 42 66 29 80 25 76 6 42 95 37 51 43 73 77 8 21 99 15 9 
50 68 50 32 97 73 64 34 20 44 6 81 3 1 55 44 7 4 59 39 48 3 13 53 57 60 20 88 21 10 95 12 47 21 56 44 23 48 86 50 24 23 44 86 91 82 46 83 6 65 76 86 11 98 10 40 0 73 62 38 59 51 58 23 14 58 
29 39 48 36 33 80 20 91 23 95 44 58 50 84 67 83 55 38 43 29 39 98 33 24 67 18 55 63 56 32 48 46 75 89 25 26 52 88 80 99 83 60 92 73 60 57 60 98 8 83 85 11 78 84 96 86 0 33 49 69 83 53 61 34 61 47 
72 82 28 1 51 31 21 70 58 30 36 96 10 31 64 26 27 18 3 66 97 82 51 95 26 19 52 43 17 88 42 44 91 52 96 5 2 88 27 88 51 74 57 74 84 68 61 95 79 39 23 92 87 20 49 51 25 26 89 2 48 62 28 49 17 99 
21 2 97 12 46 70 68 77 87 91 56 47 16 16 37 29 77 34 15 24 63 69 82 46 14 34 13 94 6 41 19 56 74 25 55 41 35 89 18 18 99 79 40 83 45 88 27 74 10 31 97 54 19 38 50 78 70 7 69 22 11 4 59 42 12 59 
10 98 28 89 45 62 5 42 89 36 56 0 87 51 14 41 17 34 38 73 76 26 14 21 88 41 5 31 67 86 74 18 48 11 14 20 31 61 8 35 19 58 2 30 0 63 32 15 3 21 45 34 4 20 34 59 54 28 51 45 79 4 9 79 38 32 
30 89 18 98 4 20 81 93 93 70 59 7 25 24 74 10 94 54 46 94 36 15 86 93 41 3 5 95 92 78 88 61 34 25 89 62 6 39 45 58 90 58 59 15 76 50 71 4 75 76 87 93 75 40 93 70 30 36 15 53 64 7 65 38 76 90 
52 37 18 34 45 19 94 45 48 82 85 31 46 70 26 9 26 72 17 25 67 21 64 92 60 7 92 21 67 84 42 36 72 14 35 51 54 10 11 20 10 85 6 0 55 89 29 72 23 16 74 55 52 24 14 60 77 64 33 6 20 10 26 5 36 46 
30 39 23 30 70 77 73 56 28 69 38 58 70 86 6 29 31 34 92 42 68 39 88 94 55 44 77 76 6 44 56 93 82 35 34 39 28 16 26 11 98 6 14 89 63 82 24 19 4 99 22 11 10 6 63 41 49 49 37 22 72 34 72 30 40 73 
33 49 51 99 64 49 85 11 68 95 18 4 8 5 68 40 71 15 60 60 98 15 67 43 82 84 19 21 37 54 15 10 17 93 57 77 20 30 92 76 88 83 45 9 83 87 31 70 19 31 26 21 43 78 42 64 98 54 42 29 50 76 72 18 14 89 
81 43 36 88 48 9 5 85 63 24 31 27 90 48 18 50 28 74 48 18 42 46 6 57 51 28 27 73 38 68 47 99 74 71 98 73 60 25 85 49 47 21 14 83 61 0 99 91 10 82 60 89 42 50 6 80 25 65 61 97 74 66 6 22 74 29 
50 25 90 22 14 51 31 45 47 67 79 93 72 76 25 18 92 53 35 56 77 18 35 9 66 64 52 55 53 78 67 68 14 22 34 98 85 32 46 60 67 13 21 54 87 32 39 21 38 62 76 56 53 17 91 82 89 9 43 22 25 83 43 4 16 74 
45 67 2 62 8 0 69 43 70 57 88 84 73 43 56 94 42 14 92 41 52 8 75 33 75 97 82 65 29 6 87 73 39 79 48 11 97 31 37 17 19 80 61 18 15 61 57 59 92 17 31 32 98 30 54 51 45 22 3 21 24 97 32 4 7 15 
1 2 92 25 27 29 31 56 28 68 17 91 6 81 31 63 34 43 21 56 49 84 41 22 9 1 78 41 81 15 53 43 99 83 99 45 7 21 51 30 67 36 52 31 82 37 86 10 64 15 41 79 88 72 78 69 56 15 78 99 56 66 42 11 47 18 
1 35 54 1 14 48 19 36 10 27 45 75 78 36 14 39 74 58 43 47 96 15 92 82 24 39 4 76 70 39 4 55 98 80 44 91 93 87 23 23 80 79 67 87 50 59 52 27 68 45 83 44 65 84 37 66 44 83 18 42 52 51 24 7 46 63 
99 65 11 35 82 33 35 94 17 12 63 0 18 11 79 5 83 96 58 44 90 67 30 89 13 76 25 59 89 9 33 49 97 15 33 19 3 75 61 40 10 11 25 72 64 31 71 85 12 18 77 63 80 30 6 5 33 97 64 30 16 49 59 13 25 22 
83 45 51 75 64 66 18 40 39 9 13 39 68 86 76 63 98 8 67 65 80 90 30 34 34 62 85 14 52 87 83 90 28 76 26 67 82 91 77 6 9 72 22 16 18 79 37 7 68 41 35 34 40 4 65 70 26 89 39 15 53 72 52 39 36 67 
88 46 61 20 28 94 44 33 75 89 1 69 94 41 24 85 28 8 82 24 29 62 1 4 20 69 48 47 6 16 68 8 4 20 67 52 90 7 60 99 16 18 69 55 16 70 66 43 29 83 42 85 30 94 62 92 14 25 10 97 36 66 80 49 79 57 
62 79 8 14 52 76 21 23 18 45 18 98 40 48 35 63 4 16 72 2 26 43 94 88 31 53 63 9 59 51 17 1 72 42 64 87 13 35 53 0 93 8 80 24 85 64 78 57 48 84 84 1 92 90 11 33 35 87 25 92 26 66 14 72 63 0 
40 42 10 43 61 13 20 83 90 73 95 47 34 91 2 41 29 20 89 97 39 68 7 24 45 32 64 26 33 27 66 21 83 98 55 9 61 63 40 34 9 97 34 85 26 39 54 76 43 26 29 84 16 53 53 52 23 48 74 87 12 85 4 90 54 60 
58 26 5 68 50 50 36 59 23 90 87 67 88 12 35 36 87 62 35 52 70 61 63 25 3 25 49 74 83 27 7 71 40 12 0 94 48 91 55 20 18 98 85 33 37 73 60 94 3 5 44 29 43 21 66 71 84 20 73 22 2 27 52 72 52 36 
39 88 51 39 38 76 74 57 28 77 75 48 74 96 34 60 26 13 98 92 27 6 72 4 95 61 5 22 65 95 56 74 50 46 44 93 70 2 7 39 88 33 63 1 53 81 40 58 67 31 9 69 67 89 84 56 41 7 3 44 4 7 44 34 57 5 
73 10 82 31 66 7 24 58 73 95 30 65 80 25 69 54 30 72 44 32 75 46 5 37 22 70 99 93 33 44 47 75 60 48 62 43 67 23 61 89 94 22 16 94 23 75 21 40 90 54 56 61 22 84 64 69 81 28 41 85 42 76 14 10 51 51 
15 5 49 65 43 25 4 26 35 34 84 17 27 65 26 14 83 34 9 63 34 89 40 61 79 22 96 9 92 40 64 37 56 98 17 22 2 26 49 41 80 46 24 27 6 47 13 76 7 84 99 16 91 40 35 77 35 86 63 17 30 75 41 37 57 6 
30 50 49 80 83 72 46 81 62 53 87 39 38 69 26 82 20 53 54 54 26 44 19 26 74 38 8 6 60 68 62 48 13 25 77 27 44 49 81 64 59 71 55 86 67 36 11 17 89 75 60 96 93 27 15 45 61 86 21 57 19 72 32 65 13 39 
46 59 6 59 65 55 26 33 87 59 22 22 26 57 78 62 9 48 32 2 61 57 41 79 82 77 44 85 74 48 91 28 72 69 87 7 55 93 88 15 66 10 33 66 8 49 6 89 9 64 47 36 63 2 66 66 79 92 98 21 68 71 98 32 47 84 
93 8 2 67 16 92 54 43 99 1 84 50 41 70 27 7 66 41 84 58 7 23 0 76 61 91 99 23 83 19 14 43 38 62 90 73 87 98 57 14 88 18 54 4 93 16 96 4 29 26 77 67 25 42 21 68 96 24 46 43 46 16 38 64 69 98 
60 42 8 15 5 0 39 93 19 42 59 86 96 46 96 90 48 5 63 87 1 0 49 86 41 93 22 5 3 55 21 55 31 67 92 37 58 79 6 15 21 41 66 54 43 86 60 53 63 37 22 2 49 0 31 53 60 38 99 28 29 42 20 94 71 35 
75 2 54 53 92 35 78 37 19 50 9 9 95 84 77 71 17 91 45 72 30 68 56 33 86 71 3 26 65 74 64 68 80 79 47 21 89 18 82 21 81 88 17 36 70 18 95 99 53 17 29 29 18 55 68 48 35 88 39 4 51 32 71 16 68 8 
54 75 57 7 31 66 21 6 16 21 61 16 40 88 57 70 96 25 15 87 48 36 89 64 99 75 44 66 47 55 86 65 15 47 96 2 47 96 46 89 98 46 61 61 28 67 6 16 16 70 25 87 61 28 40 23 72 55 27 23 44 3 98 94 22 77 
74 40 57 42 46 25 35 58 48 58 99 36 7 85 55 79 68 83 69 46 86 53 61 28 44 33 66 17 25 63 78 98 39 44 18 89 65 70 3 58 99 58 18 2 9 35 13 40 64 72 35 31 4 98 32 18 39 60 26 24 55 83 40 69 31 82 
8 45 56 7 33 60 59 89 68 78 28 95 24 98 97 9 76 30 44 17 35 81 20 8 43 34 23 8 72 77 94 27 1 13 86 18 10 77 62 20 81 43 59 17 74 27 11 71 2 52 74 0 11 62 79 54 86 28 50 37 82 32 76 43 77 46 
44 38 70 94 50 78 89 83 30 5 69 41 38 37 56 9 29 42 80 4 36 29 17 34 63 57 82 54 77 9 38 80 2 30 16 90 97 83 77 35 18 47 79 82 66 4 70 32 98 46 93 43 83 62 38 71 67 89 75 5 97 81 34 18 55 0 
90 85 41 4 60 26 11 7 92 96 71 15 8 98 89 78 19 99 64 4 24 96 45 62 66 78 72 92 36 37 84 62 90 11 0 81 47 38 80 20 74 38 13 6 87 43 80 44 66 96 35 44 56 48 74 98 47 18 15 17 17 92 4 57 1 56 
60 56 40 40 49 52 91 64 33 46 6 50 70 9 18 90 84 33 8 20 6 34 6 8 32 12 79 4 11 85 91 5 96 40 17 87 44 97 60 11 1 22 97 4 41 21 91 10 19 19 66 56 64 98 22 68 24 46 44 33 83 3 43 80 67 70 
1 45 54 69 93 49 94 74 93 81 85 0 8 66 60 15 22 76 56 6 65 50 35 50 88 87 69 20 15 83 91 4 13 19 46 54 14 36 64 79 5 44 43 74 47 88 12 0 74 55 23 85 41 22 82 85 85 77 0 7 33 45 79 22 7 16 
37 13 86 31 16 29 17 90 47 19 38 43 73 47 16 37 69 69 2 56 59 94 1 40 61 75 22 34 78 94 93 62 18 59 54 66 96 15 6 99 32 59 69 3 56 27 39 96 53 97 34 9 60 53 91 27 55 96 61 90 14 23 95 46 38 62 
42 33 46 93 10 58 54 77 18 65 61 48 12 50 99 0 63 96 15 3 56 47 80 85 16 97 22 94 35 83 84 99 30 68 92 71 83 36 31 59 27 83 77 15 78 76 24 3 7 16 5 47 42 72 68 20 65 32 46 45 23 82 30 73 14 7 
84 22 45 41 12 71 45 59 82 87 69 49 44 39 20 75 95 18 3 18 40 31 49 26 82 56 46 55 12 78 17 91 36 54 62 44 59 23 36 27 81 77 61 18 62 34 94 45 83 47 58 8 67 12 52 30 26 45 85 69 7 25 28 87 78 29 
36 42 88 89 92 61 31 80 78 51 83 25 23 32 31 47 12 90 82 65 65 78 18 51 70 85 10 77 79 55 80 38 70 71 10 42 49 88 50 84 89 15 78 84 29 81 50 57 64 22 93 79 90 54 98 55 19 55 70 44 66 95 56 94 25 82 
