68
71 22 61 68 99 58 82 86 36 43 85 81 32 40 71 77 51 63 95 86 51 3 73 46 78 77 81 78 90 4 32 88 3 89 72 42 93 71 79 66 50 32 73 61 52 54 55 37 36 85 4 3 74 86 31 7 33 92 44 61 7 94 52 24 70 46 1 96 
50 10 55 24 11 97 84 95 84 1 10 34 46 63 30 71 79 44 14 40 78 76 16 30 39 16 31 10 96 74 20 47 28 5 25 74 93 78 58 66 61 27 92 86 21 82 23 70 41 53 49 71 57 26 29 56 94 78 7 58 26 12 25 14 32 77 63 98 
15 54 23 55 58 82 3 79 58 17 93 75 21 89 74 19 58 61 92 1 99 12 5 36 38 21 48 59 85 97 39 86 8 89 76 21 76 95 90 28 95 36 35 23 43 56 83 16 50 6 4 90 82 6 13 24 89 72 10 99 20 7 90 21 46 44 32 33 
78 94 32 33 77 76 46 6 94 78 4 14 87 68 53 30 40 47 79 51 64 82 30 29 4 70 99 24 28 86 83 23 29 3 22 2 45 52 68 91 26 42 79 77 78 31 28 94 45 45 42 40 61 30 93 59 23 41 88 89 90 48 62 58 0 22 31 71 
21 17 91 63 85 30 70 10 71 36 3 6 52 14 27 34 42 0 17 54 97 74 59 33 4 17 16 31 12 83 65 8 75 78 39 42 28 40 46 95 47 30 96 65 94 79 78 47 45 85 20 45 67 51 41 97 94 77 97 70 9 10 98 90 61 99 82 23 
73 78 63 46 28 66 55 16 14 5 91 15 80 36 6 49 16 34 18 36 35 85 97 63 98 26 11 72 53 1 70 99 96 22 41 18 16 51 98 79 60 90 65 52 93 85 17 46 41 89 57 30 73 92 13 5 35 29 96 86 5 79 26 41 48 93 39 47 
9 53 55 69 42 83 78 91 42 37 99 80 26 1 20 39 79 51 52 4 89 73 25 32 43 90 7 71 22 31 63 45 33 17 97 4 1 20 84 29 46 91 7 58 14 2 5 59 21 73 62 26 24 44 78 94 2 53 80 99 49 52 27 60 86 70 20 21 
28 72 47 65 68 4 5 20 65 28 57 27 19 23 8 25 19 16 34 36 69 4 61 37 34 4 4 57 34 49 69 3 49 33 33 35 98 47 58 20 44 51 31 45 29 3 65 29 74 42 26 3 50 84 30 86 73 95 29 55 51 17 67 60 72 50 44 91 
75 81 69 60 67 95 69 39 92 84 73 12 82 18 62 70 76 80 99 2 56 76 23 42 91 94 42 8 30 50 70 33 62 33 82 0 29 63 73 24 78 19 52 56 39 36 97 12 79 69 5 29 74 5 3 38 93 85 35 68 46 63 57 78 5 39 33 74 
63 5 92 80 32 14 63 17 40 76 85 43 70 2 15 62 77 93 27 39 40 21 77 8 9 35 21 84 63 52 99 60 48 55 58 24 30 69 49 69 38 14 80 23 31 47 46 86 53 51 47 69 6 39 96 44 87 47 72 13 44 99 15 22 77 43 87 34 
72 83 14 10 48 26 3 74 57 65 52 80 27 20 53 97 18 82 28 99 79 8 56 48 24 56 18 62 65 31 82 27 47 84 87 88 75 63 77 65 12 91 27 9 91 37 51 17 43 95 34 18 57 64 54 49 91 84 82 34 1 36 92 92 69 57 66 0 
74 79 64 41 96 74 79 29 36 92 46 95 91 25 89 85 66 96 14 52 40 71 69 10 60 66 29 72 7 65 5 46 34 4 30 69 5 41 54 20 99 22 58 90 13 76 97 51 94 0 40 37 61 84 6 32 63 93 41 99 74 60 72 70 51 96 8 85 
23 29 50 93 75 99 3 18 85 25 87 9 8 31 95 9 29 35 10 90 18 37 43 29 96 83 1 99 72 33 78 69 98 61 70 81 80 42 36 59 43 75 1 87 5 27 81 51 80 8 63 0 80 46 45 95 26 10 86 70 25 12 20 49 86 5 62 31 
36 97 70 6 39 86 1 36 84 35 84 62 47 96 91 67 57 83 5 31 53 31 95 55 31 77 61 93 63 62 19 52 8 59 17 37 5 83 47 25 42 26 12 96 8 39 58 23 2 54 72 91 19 96 14 21 33 20 98 90 77 55 84 56 59 35 33 58 
93 46 89 49 14 18 99 89 92 88 34 72 15 98 89 74 34 57 9 5 68 25 39 3 68 24 33 98 62 3 1 4 59 73 1 89 13 21 79 95 55 15 57 89 87 22 10 95 48 1 75 42 72 80 84 60 48 66 27 23 80 37 19 55 35 86 18 69 
10 52 93 59 65 44 62 7 2 83 13 25 27 88 60 33 88 96 44 41 82 52 16 55 87 99 61 19 97 1 49 81 94 79 21 90 34 40 38 90 73 34 75 53 9 3 5 74 49 27 53 78 80 87 66 37 83 43 64 32 9 81 21 60 53 6 35 71 
43 51 67 17 44 5 12 44 0 85 65 33 38 48 9 59 47 14 57 70 93 82 19 75 67 22 38 71 9 21 30 86 58 16 91 57 22 45 47 99 79 11 76 81 84 98 17 97 51 18 83 10 80 24 0 87 83 73 8 81 81 20 76 75 48 87 58 21 
28 70 26 21 41 4 98 14 30 70 92 46 25 74 38 44 89 5 41 27 46 65 56 23 63 43 55 90 53 57 42 98 77 40 51 78 24 4 4 54 33 72 92 48 3 2 50 45 28 5 99 21 34 43 88 77 71 82 12 95 78 97 49 96 18 18 94 22 
79 12 81 15 4 21 43 14 90 63 29 93 76 71 78 37 68 66 59 30 55 56 90 27 49 3 42 90 22 98 13 13 66 35 45 86 60 27 86 76 75 48 9 75 38 45 69 69 88 26 18 88 16 75 27 29 72 64 97 50 18 15 15 43 37 74 65 38 
72 47 89 6 96 26 65 64 85 70 26 6 95 24 23 88 28 81 1 0 5 71 51 97 70 76 83 9 67 96 88 44 85 40 23 21 35 88 81 12 21 37 31 77 91 43 89 73 31 67 73 78 70 53 99 66 64 71 14 93 42 5 90 68 18 84 38 67 
98 26 10 78 99 35 61 57 65 20 36 17 68 9 82 35 21 73 5 87 43 54 0 97 61 2 15 25 92 82 16 62 63 81 66 19 15 65 47 46 14 42 45 52 40 8 42 41 76 12 62 61 73 58 80 20 12 78 96 0 3 61 82 73 40 64 72 67 
32 53 71 48 84 73 34 68 70 78 27 9 97 53 41 27 34 83 88 54 23 74 20 53 94 87 71 40 83 0 25 77 63 72 67 39 93 58 14 43 79 19 30 60 14 32 74 54 43 5 66 64 10 45 7 24 45 26 25 19 59 52 35 90 59 6 4 63 
95 52 18 6 6 53 91 37 26 34 13 82 76 68 15 80 73 51 50 12 57 71 74 19 79 0 65 85 61 55 78 97 24 36 88 80 0 75 14 36 28 78 3 90 92 96 38 56 36 17 68 77 2 75 15 74 41 17 99 99 69 86 28 63 46 61 7 50 
36 33 38 57 14 24 7 67 60 85 97 90 11 50 1 61 59 36 76 86 64 90 78 12 10 53 76 79 23 8 27 80 91 22 4 12 23 33 89 45 27 74 10 4 42 27 97 9 77 47 52 10 56 0 88 28 32 83 16 0 50 3 92 29 85 52 88 94 
99 41 37 39 37 33 82 18 14 99 73 44 79 96 5 82 4 22 72 54 92 59 1 94 94 85 71 86 57 29 54 5 21 42 12 18 52 32 65 22 49 71 60 60 74 78 81 14 30 68 63 83 73 59 23 34 57 15 59 46 31 10 90 31 59 38 21 14 
17 89 95 25 80 26 46 90 25 19 77 30 21 83 23 18 48 93 73 22 58 68 17 59 76 35 19 59 40 33 24 10 75 34 63 72 95 92 88 42 73 38 80 95 13 62 59 56 61 18 84 32 1 45 63 63 12 57 34 41 96 58 14 31 36 68 26 41 
7 10 16 35 61 34 76 51 42 14 31 61 19 78 4 15 53 20 3 42 50 22 51 61 75 89 30 1 80 23 36 78 14 67 24 42 70 85 95 28 28 18 19 45 3 65 89 63 44 64 77 81 34 34 50 83 21 87 0 59 84 71 13 46 13 7 92 51 
51 81 50 97 67 79 4 43 64 99 63 96 49 94 67 76 26 35 82 20 38 91 48 42 15 36 28 53 21 95 82 93 73 87 73 86 55 88 9 88 66 76 45 58 92 65 99 7 59 48 56 11 6 78 3 22 50 62 7 76 88 66 48 45 64 51 12 59 
60 9 27 91 67 60 57 41 49 26 48 49 79 93 96 47 81 23 16 62 33 21 64 77 63 65 98 42 67 70 94 1 10 51 28 57 56 55 72 46 76 56 22 15 30 81 26 38 7 82 11 31 75 84 68 38 35 31 58 66 42 66 4 66 81 93 82 74 
80 92 25 44 41 43 70 77 67 17 82 72 60 28 25 84 12 81 98 42 26 25 22 90 86 27 26 24 53 95 92 21 44 17 43 23 36 28 59 22 87 82 3 79 40 48 5 95 61 22 64 93 50 38 25 17 83 35 36 74 54 90 91 3 59 4 45 75 
85 86 77 27 78 22 30 40 68 47 55 14 70 69 32 67 10 14 7 97 96 21 73 16 45 13 22 64 23 74 8 20 76 25 48 35 78 22 55 92 66 24 99 73 62 92 95 36 49 34 73 51 78 16 15 34 24 9 57 19 76 75 52 74 17 86 37 35 
10 82 70 10 87 43 78 69 2 56 77 21 65 21 58 38 56 66 64 77 76 53 56 17 71 96 57 58 76 97 51 3 32 38 14 82 47 33 67 98 21 73 9 16 4 56 66 4 70 45 57 59 45 42 28 70 87 59 18 90 78 68 46 94 48 74 28 20 
91 74 26 52 32 47 92 3 88 78 49 38 14 87 73 66 0 35 12 13 81 60 64 24 21 74 23 86 51 26 48 28 65 12 40 74 14 74 46 85 4 19 72 59 77 70 10 69 75 64 24 35 17 5 95 31 94 44 17 44 65 37 54 58 26 85 60 49 
64 82 31 94 40 96 58 5 98 95 30 0 91 86 68 88 94 57 87 59 33 8 48 27 17 61 78 63 51 97 58 64 33 94 51 86 23 28 59 9 15 6 14 79 77 40 69 11 49 4 24 97 15 46 53 97 75 88 43 14 38 55 18 76 18 20 49 9 
11 0 44 78 84 67 22 58 99 35 58 49 49 93 29 59 86 76 30 51 1 52 22 22 17 35 5 9 54 10 75 44 91 31 28 97 90 98 17 73 43 10 43 18 82 70 47 43 83 93 57 44 64 95 87 65 22 22 62 70 2 62 27 78 63 13 19 2 
64 35 73 45 75 61 25 21 54 85 58 83 55 38 50 69 42 6 2 47 15 7 25 49 81 70 6 62 47 11 81 60 15 53 8 61 25 9 91 15 6 59 46 41 96 1 99 2 63 29 34 62 34 94 43 87 64 75 3 78 23 84 99 40 99 6 71 29 
15 13 33 80 48 32 2 40 4 14 86 38 38 92 97 55 5 64 86 11 3 89 67 50 87 21 48 78 15 64 97 85 19 34 51 79 32 40 31 29 41 36 74 54 48 59 5 27 54 12 28 75 61 24 19 72 99 97 40 73 87 21 80 21 52 95 10 21 
10 39 93 10 17 23 95 50 52 38 23 81 83 19 65 59 2 32 13 33 35 36 60 2 12 31 94 97 37 92 33 37 32 73 48 72 90 71 58 69 55 29 22 73 35 72 43 5 68 29 29 34 99 7 27 93 10 43 84 94 76 2 28 25 33 14 32 8 
10 85 10 60 65 20 76 11 61 52 44 11 96 87 45 18 19 21 5 33 24 57 38 42 68 84 24 78 99 62 96 13 11 33 51 11 89 26 63 31 83 22 19 14 16 17 31 57 19 3 78 23 83 53 79 91 52 83 20 91 66 60 13 91 83 30 90 57 
19 25 76 2 40 90 73 1 64 9 44 23 67 68 83 19 62 35 21 8 2 82 52 18 71 66 7 94 85 92 90 39 68 83 15 86 36 61 65 9 55 61 32 92 43 92 59 36 6 7 86 61 65 49 32 88 69 54 6 87 4 80 39 17 91 81 39 41 
51 82 35 74 14 79 98 8 8 68 86 11 50 37 35 87 37 85 97 16 5 62 98 80 90 65 73 94 61 27 85 78 65 54 31 91 44 57 12 0 4 48 65 0 99 0 20 44 66 65 70 60 7 8 18 75 46 31 97 87 14 81 98 41 5 0 30 89 
42 20 28 51 40 86 22 30 60 58 20 46 80 30 95 29 26 33 59 70 44 39 2 16 9 47 99 70 73 4 15 76 31 20 71 9 1 24 7 74 34 9 32 84 79 79 81 46 55 33 89 43 39 5 28 80 71 93 87 73 24 95 70 23 60 77 73 78 
17 62 20 52 52 38 40 22 63 61 70 53 37 72 91 33 17 3 28 12 27 27 89 75 38 4 51 43 93 15 9 78 93 19 72 79 31 30 8 92 88 95 13 19 57 62 31 49 85 63 24 71 38 13 56 83 43 19 43 99 45 66 48 85 78 99 86 56 
75 83 96 58 74 21 11 95 30 83 27 93 99 89 66 99 59 82 41 88 71 25 33 97 28 10 7 48 94 27 81 62 79 90 19 76 65 72 30 26 4 98 60 43 83 40 30 25 67 40 72 12 27 14 77 75 83 74 59 37 15 98 30 74 43 59 90 75 
57 51 28 0 29 53 26 97 33 32 22 40 57 69 32 3 37 45 32 73 18 28 67 70 87 57 23 96 48 66 57 86 26 66 48 4 23 10 40 53 17 66 72 14 94 67 99 75 54 90 77 40 44 30 77 58 28 19 95 68 14 87 60 37 16 98 11 35 
22 87 75 26 59 37 79 68 1 0 3 5 94 10 96 28 1 38 83 33 92 28 46 25 40 65 59 12 87 74 15 45 23 6 4 1 63 78 52 65 43 21 37 10 45 60 17 29 7 42 87 63 17 33 57 4 26 10 61 47 76 39 55 1 33 60 72 84 
77 16 98 95 59 18 56 73 87 40 97 82 59 27 57 73 53 61 11 80 74 24 15 62 49 28 35 32 61 1 26 40 98 31 5 67 18 75 30 82 33 83 7 44 47 25 23 17 62 72 36 58 13 73 77 34 27 22 40 90 79 21 37 30 8 24 29 12 
36 52 57 93 5 16 91 66 3 64 79 61 95 35 0 2 10 67 23 85 71 76 69 38 26 68 56 5 24 74 19 32 28 33 14 10 60 20 2 41 50 24 6 0 40 54 16 12 10 55 88 77 59 14 94 65 6 62 72 45 90 73 93 72 54 5 65 33 
7 62 6 53 5 45 80 54 20 20 59 35 60 69 13 65 36 53 71 79 60 35 16 30 66 38 66 75 3 46 61 43 72 70 42 38 23 26 53 35 81 37 33 32 49 77 46 65 71 56 81 55 36 62 6 0 9 53 63 14 23 34 56 39 57 53 71 75 
1 41 84 0 46 49 23 22 44 47 31 73 54 32 31 90 77 49 76 64 69 37 94 61 97 31 4 60 48 78 47 65 19 36 83 27 7 97 68 42 91 11 71 98 87 96 62 48 71 74 20 32 67 50 14 75 54 75 22 24 63 18 25 31 88 57 92 14 
32 29 32 24 66 49 96 42 88 16 84 60 12 59 11 18 12 73 87 49 73 63 46 83 8 56 29 42 36 82 99 68 65 96 7 31 82 9 0 19 95 69 31 67 65 90 76 41 2 9 94 35 94 31 31 55 1 41 27 78 12 60 46 9 29 90 94 40 
94 62 44 40 42 26 18 73 57 4 54 9 31 26 33 69 95 15 18 81 28 20 52 22 15 7 83 5 90 75 24 47 27 90 7 93 79 52 18 37 5 57 8 50 61 77 87 6 81 83 87 46 19 69 83 11 91 72 99 44 51 12 9 99 29 43 67 14 
65 58 13 72 40 65 31 33 62 37 5 98 19 31 14 21 73 85 77 37 13 0 42 15 73 65 46 77 67 94 34 68 91 72 1 33 55 68 83 68 8 31 65 99 91 55 27 82 37 43 44 35 75 54 56 36 78 13 18 65 38 31 41 93 55 95 30 74 
89 86 35 69 97 98 6 47 69 31 69 1 25 67 98 7 73 21 21 45 75 92 69 22 21 47 76 11 0 26 74 81 12 6 61 75 27 6 80 90 62 38 54 98 84 42 94 66 90 37 52 29 12 39 43 89 53 12 79 65 45 54 15 66 80 38 99 46 
40 80 75 70 61 18 20 22 1 16 13 11 75 97 42 20 45 65 57 46 89 30 97 15 44 78 44 66 82 53 38 14 87 35 24 65 83 41 47 55 14 79 73 80 31 83 87 82 62 82 70 0 89 15 79 45 84 50 69 85 74 78 25 11 36 52 58 31 
92 56 9 39 10 90 77 89 35 73 34 8 51 11 22 84 83 74 37 7 57 47 11 75 51 10 78 50 30 18 14 9 35 43 88 57 73 18 58 84 74 76 21 60 17 47 18 30 16 39 15 70 83 41 29 39 49 38 39 25 15 18 38 79 92 54 73 61 
31 49 49 78 17 88 90 88 62 87 96 5 39 65 40 68 86 26 7 17 41 36 25 38 70 79 24 73 48 53 84 3 84 98 91 46 47 78 86 55 55 90 27 22 94 30 57 63 38 96 6 75 59 49 8 8 35 69 28 94 87 8 69 91 56 74 40 78 
73 52 33 13 69 85 96 56 73 96 7 70 3 55 89 43 10 85 68 51 46 5 36 91 32 51 19 22 99 80 42 43 18 34 50 42 42 63 73 93 69 28 83 37 45 82 96 10 83 11 56 3 2 98 78 40 36 22 83 31 93 33 3 77 75 90 90 86 
31 68 20 43 33 58 40 32 92 53 55 3 73 29 77 81 37 84 49 72 50 20 13 9 50 44 66 59 92 51 61 82 25 77 72 10 94 26 76 40 48 1 91 83 65 94 55 47 98 20 1 76 7 75 93 54 86 9 75 34 24 97 87 0 86 13 22 51 
20 64 65 71 37 73 15 74 34 69 94 39 9 21 15 87 18 53 35 77 29 53 31 6 67 31 36 50 88 20 16 78 46 92 8 79 27 93 15 55 45 80 78 68 18 20 94 46 88 60 94 91 83 99 48 86 62 59 47 3 53 7 53 55 57 66 4 31 
86 10 79 0 33 25 82 78 97 56 66 97 12 30 35 22 68 84 65 59 17 75 74 59 87 50 9 89 64 46 68 91 22 64 16 46 15 82 3 77 66 94 87 12 55 76 86 24 85 83 67 56 7 84 63 39 29 23 53 5 95 55 75 67 60 25 5 96 
2 29 57 74 70 81 74 6 45 26 55 48 88 61 96 94 61 94 22 33 78 33 80 86 95 59 14 4 98 3 63 96 75 79 47 87 31 17 54 12 88 0 29 42 94 24 39 73 90 93 13 59 64 37 58 73 16 96 45 0 41 86 12 14 30 36 55 66 
50 7 3 61 95 30 10 58 3 19 28 93 27 85 70 23 18 9 83 46 21 11 84 17 38 93 78 32 66 96 95 82 99 14 26 74 24 96 0 60 36 71 3 69 59 78 14 27 83 85 32 8 95 13 38 18 19 8 0 68 3 43 36 71 42 3 94 95 
51 25 83 8 3 6 61 70 3 68 37 78 17 63 92 9 61 60 16 42 97 88 55 66 50 64 6 57 8 57 23 48 45 15 25 11 82 48 69 15 46 71 67 8 91 46 39 6 88 89 30 8 85 76 93 76 91 81 88 88 35 76 98 84 74 72 44 63 
27 68 32 41 13 78 31 42 85 59 34 30 24 72 88 61 53 65 5 23 73 85 20 72 84 5 1 95 9 82 66 34 88 54 52 52 99 75 22 6 54 80 8 91 15 41 26 38 15 10 80 58 60 51 36 50 56 95 30 27 19 83 45 39 15 83 63 76 
97 44 77 22 36 93 41 54 0 23 63 40 45 75 11 67 14 4 89 13 21 79 13 46 15 16 21 83 58 50 93 92 71 2 61 9 50 92 17 10 81 80 68 58 41 53 31 11 44 45 86 49 36 96 28 73 66 57 36 24 67 19 40 0 72 98 49 83 
16 40 69 76 30 51 45 64 53 7 99 2 25 56 5 58 42 74 13 59 95 94 40 99 44 79 66 26 20 42 31 68 14 82 96 48 76 59 14 58 3 78 72 27 18 54 60 56 5 22 79 77 67 99 22 41 19 49 70 12 72 71 8 92 44 40 30 41 
19 25 18 72 46 77 17 31 6 67 8 31 99 59 7 63 21 48 50 93 42 18 28 59 36 69 56 16 6 86 84 32 22 78 94 94 45 88 70 38 46 15 5 32 26 14 59 8 54 77 60 63 68 69 37 70 39 87 27 74 48 83 77 89 34 36 58 73 
