80
83 78 83 35 86 88 95 84 94 85 25 82 91 9 46 11 90 60 64 9 29 71 44 73 0 15 58 57 76 7 9 56 70 84 29 59 49 66 37 77 86 49 87 99 69 29 52 26 12 0 42 86 28 35 40 37 4 17 64 58 74 95 13 12 5 72 8 95 25 85 93 93 75 92 54 49 32 7 35 9 
82 92 22 30 70 49 15 58 31 67 65 86 68 99 24 78 65 53 10 26 78 68 56 63 34 26 58 40 94 31 59 63 9 40 64 87 51 90 24 11 30 98 13 93 91 27 66 97 38 88 76 90 16 91 12 0 6 55 83 60 74 35 77 61 91 84 15 75 23 73 56 81 65 58 32 75 21 2 0 31 
55 54 30 66 79 19 44 88 44 95 12 69 96 1 31 90 0 36 49 84 98 35 62 76 23 82 1 68 51 52 13 74 92 25 68 15 79 59 32 35 23 38 42 11 84 93 47 35 67 3 48 4 12 63 30 47 20 28 5 81 50 98 81 90 6 58 25 87 56 92 85 12 91 0 21 35 30 10 21 88 
13 3 8 30 57 97 28 31 89 11 68 48 28 31 84 16 37 49 86 40 90 29 14 95 70 8 57 76 38 28 59 37 9 78 75 22 85 78 28 83 90 34 77 79 3 84 79 84 60 10 75 92 17 39 7 62 18 76 86 21 0 20 59 85 96 9 31 8 88 25 15 93 50 79 78 57 69 80 41 58 
7 4 92 33 6 93 81 83 3 18 15 13 76 49 53 9 25 9 45 89 38 99 12 59 9 44 53 90 72 51 10 93 67 93 80 34 39 43 83 7 90 55 93 97 6 44 59 36 25 32 9 28 11 3 44 53 68 74 91 71 27 70 83 66 16 24 41 59 61 66 73 9 86 3 76 6 54 8 43 63 
60 99 35 52 64 66 69 88 35 61 20 82 41 40 99 12 89 96 17 29 28 25 71 30 56 55 91 33 12 1 8 90 89 10 47 31 59 62 5 48 53 69 91 13 0 17 42 44 55 11 89 66 16 72 6 62 76 45 52 4 16 0 38 61 12 97 20 80 17 26 20 81 55 90 78 18 79 38 96 78 
57 55 88 44 30 4 48 88 76 9 37 73 27 48 98 99 66 23 27 68 95 23 48 54 44 76 71 31 89 23 70 34 52 65 60 98 92 1 96 77 83 33 59 31 79 18 7 13 51 46 32 21 27 51 51 12 37 31 39 95 0 71 11 7 51 77 7 36 60 34 31 13 11 28 30 26 33 17 97 46 
98 81 30 24 38 86 44 26 93 63 37 70 19 18 64 41 67 99 78 74 80 55 43 35 89 10 13 2 17 17 72 91 3 63 47 14 37 27 4 53 9 71 35 13 86 12 95 46 79 79 29 4 77 92 19 28 20 6 34 60 96 11 9 96 27 58 77 22 10 38 1 21 41 93 79 58 4 94 18 12 
76 45 51 15 12 38 87 55 32 10 59 63 88 2 63 96 98 4 81 64 7 16 21 13 44 51 42 87 27 8 96 92 34 77 98 61 51 89 0 46 71 60 1 74 75 23 14 36 3 18 30 72 30 32 7 19 98 6 92 19 6 69 30 77 75 74 84 56 88 83 61 23 98 73 39 63 39 73 19 52 
31 68 46 31 61 34 24 96 48 47 60 90 21 13 82 56 2 42 54 63 62 83 26 50 28 9 7 61 53 56 97 7 97 30 55 99 34 11 15 51 65 92 20 36 32 88 78 21 9 55 39 98 68 6 19 4 86 68 99 88 46 25 76 42 18 96 22 86 15 6 24 18 86 94 14 41 23 84 61 63 
85 27 65 45 36 10 77 65 75 86 0 57 20 19 76 21 21 10 51 22 7 60 7 14 35 37 55 22 50 70 4 31 37 84 22 28 88 15 75 97 8 67 82 66 5 23 98 32 55 84 82 21 17 40 69 90 43 45 58 25 85 48 78 97 41 43 7 88 14 32 17 75 32 99 17 37 84 16 49 58 
35 9 34 51 67 11 65 67 79 25 61 72 20 25 3 48 38 60 68 20 21 81 44 24 97 58 8 93 92 34 77 31 86 19 0 30 36 76 99 9 62 35 6 58 76 58 15 13 84 63 60 23 33 78 95 47 51 7 0 74 23 74 95 68 28 36 44 47 20 19 51 23 37 21 38 59 43 42 47 8 
10 64 93 63 57 84 10 6 27 84 97 92 88 19 1 37 44 22 98 95 19 25 58 66 43 97 49 75 94 1 10 68 89 15 29 24 51 35 13 46 9 15 99 23 70 54 1 46 54 71 2 37 28 85 3 66 73 77 75 51 97 16 96 86 92 36 21 44 54 2 1 34 44 86 65 4 3 90 75 78 
79 96 15 36 73 44 14 58 2 7 19 25 68 26 82 62 72 70 49 40 10 57 5 28 84 79 1 98 54 48 37 42 39 61 94 54 89 17 4 67 39 5 98 95 84 60 39 83 36 87 8 5 35 29 17 13 62 23 85 68 79 35 57 22 45 50 51 31 44 12 64 29 95 32 88 32 39 17 23 74 
29 57 87 54 89 69 29 68 62 10 5 32 89 79 7 29 94 55 50 77 70 74 78 39 51 52 85 96 26 74 38 50 15 10 30 87 68 45 38 58 67 20 39 53 38 85 21 60 93 72 50 90 15 18 19 54 54 93 96 63 86 54 5 49 28 24 37 52 84 14 75 95 98 65 1 84 57 60 97 31 
38 29 56 40 19 45 57 61 89 55 39 33 85 65 91 80 11 4 96 29 85 55 85 23 38 37 25 39 70 28 50 77 23 77 12 41 10 58 78 50 80 33 80 71 33 8 44 98 26 86 70 3 43 85 82 85 92 31 45 12 17 22 0 7 45 50 58 8 72 33 42 15 46 29 40 20 4 94 48 25 
97 18 4 72 86 91 80 9 83 77 21 37 94 53 76 60 19 54 18 37 25 11 55 40 59 65 66 87 60 31 24 10 41 96 74 94 66 42 15 21 80 29 11 72 5 6 49 73 46 62 99 52 89 95 91 86 92 55 88 26 75 32 55 53 62 96 80 44 91 65 53 23 74 29 17 4 22 72 19 6 
69 43 98 70 57 58 17 41 29 17 44 76 15 81 49 37 91 29 22 46 70 56 60 64 78 79 12 57 29 56 55 51 34 43 43 50 91 7 18 81 57 48 19 86 70 20 43 91 1 45 15 88 9 0 27 67 67 16 68 24 6 5 75 91 73 7 46 43 48 70 32 49 73 93 73 18 70 64 84 62 
91 83 36 22 13 24 30 89 6 76 17 11 41 35 69 11 55 55 42 91 60 80 89 90 72 58 89 82 86 2 44 63 26 58 21 9 66 16 82 10 63 47 26 48 59 19 89 62 91 79 8 13 4 20 92 47 7 44 73 32 49 56 27 82 69 75 85 67 33 25 30 81 5 41 40 62 54 8 53 45 
86 70 88 2 14 47 62 81 69 14 59 70 97 66 6 6 81 62 46 94 56 27 34 63 36 42 91 9 95 91 31 80 76 58 66 44 7 40 34 28 47 70 72 35 5 70 92 33 29 20 66 89 41 61 42 36 73 58 39 97 90 67 2 98 52 62 46 20 28 3 0 0 56 67 95 64 25 43 90 28 
26 59 54 80 94 3 11 71 92 72 12 34 68 20 27 81 91 37 67 67 7 45 76 20 33 52 58 43 28 42 42 58 55 60 86 20 92 89 60 97 80 98 29 77 23 43 48 58 68 0 38 56 70 78 83 33 33 39 47 14 56 81 2 97 73 38 21 87 32 44 65 66 61 98 99 76 28 67 63 4 
23 76 59 11 63 32 80 30 57 78 63 91 0 72 45 50 43 11 61 87 8 88 3 73 17 54 10 41 52 61 16 5 94 59 50 80 16 85 3 24 97 95 58 16 56 17 64 36 98 70 84 26 42 68 25 27 29 80 18 63 1 96 53 13 26 46 15 40 55 29 5 3 68 12 35 28 24 95 45 48 
30 18 27 82 13 16 27 99 76 13 94 78 21 20 32 82 49 93 37 61 58 27 48 22 38 82 64 31 4 27 34 30 10 21 5 98 12 8 17 11 55 53 76 50 10 26 4 18 11 32 85 5 60 3 47 86 24 25 91 57 48 47 82 65 46 33 12 15 85 93 8 80 93 80 18 24 10 33 70 30 
88 23 59 86 88 22 75 71 58 53 53 55 20 15 86 42 19 75 14 83 50 79 63 49 87 14 24 90 83 62 12 9 54 54 94 58 76 47 10 16 27 10 21 48 88 54 93 37 77 84 24 11 17 57 82 28 44 75 92 58 87 72 88 68 40 84 12 17 27 82 54 79 95 99 69 19 44 96 15 53 
99 38 82 8 57 43 22 86 46 10 84 63 96 60 62 95 72 87 75 33 76 64 78 53 92 82 19 98 52 18 56 43 94 30 96 85 42 93 58 83 57 77 42 13 76 36 84 5 62 85 36 91 93 69 95 89 75 46 92 36 72 11 41 47 25 12 45 62 95 49 46 6 62 55 19 24 6 91 32 91 
99 20 39 76 25 71 15 93 14 58 56 90 57 43 13 80 73 19 98 59 26 80 18 16 45 51 26 0 25 26 21 52 11 34 71 47 56 81 89 65 5 95 35 18 73 27 32 23 5 89 51 48 54 88 19 8 1 42 42 2 79 31 35 2 41 40 78 59 34 12 1 31 59 42 32 66 21 2 95 95 
18 5 12 22 11 48 24 83 86 8 2 52 51 26 47 7 1 74 94 98 19 50 20 97 49 65 40 56 93 89 93 22 51 58 8 12 33 49 25 93 5 94 51 32 33 90 40 51 80 64 64 84 7 39 13 99 51 77 87 46 50 63 62 98 97 78 12 21 28 34 31 5 78 22 73 21 41 67 58 91 
74 78 39 91 61 5 92 2 95 6 49 63 90 33 54 43 23 3 13 19 28 91 65 17 56 41 19 23 54 94 82 35 42 16 85 13 87 42 85 6 96 56 65 59 18 49 10 58 94 66 68 33 77 33 15 46 4 2 31 86 66 26 82 55 65 13 76 56 92 86 45 15 60 95 73 19 31 70 45 55 
46 92 8 68 51 36 5 59 41 43 59 11 4 20 24 26 86 63 5 58 61 68 71 36 95 50 11 61 23 94 39 2 18 39 55 50 62 66 28 6 4 39 76 40 4 62 20 97 6 13 44 78 8 76 75 10 82 51 40 95 88 69 52 42 6 12 7 85 34 61 55 96 40 9 26 11 14 15 80 4 
52 74 84 40 86 19 66 29 85 37 51 92 80 7 73 80 79 26 25 11 39 61 86 36 14 3 76 15 90 1 10 90 17 11 51 80 31 9 15 56 99 43 46 32 61 69 61 79 5 23 8 66 77 21 5 95 13 27 68 84 28 8 54 80 8 41 59 35 19 92 50 4 77 62 15 35 17 71 8 33 
23 6 95 17 33 45 5 5 70 11 32 86 0 32 82 21 26 98 5 71 46 10 31 80 66 31 71 73 10 43 55 59 86 18 53 44 21 54 25 13 8 13 97 78 55 94 40 62 38 95 88 70 21 55 43 2 30 92 2 38 47 31 69 48 33 93 87 40 6 51 9 88 20 58 90 90 31 82 15 3 
49 16 6 3 50 85 85 95 98 46 55 75 87 27 74 46 96 1 21 51 24 89 26 66 90 22 21 12 45 78 35 39 63 65 13 50 58 63 65 94 14 49 11 47 68 58 11 90 37 4 51 59 56 34 51 10 97 1 88 47 21 73 93 80 75 49 26 35 22 90 0 73 37 65 87 70 53 56 78 23 
5 76 96 75 16 29 28 1 9 19 36 34 19 84 20 39 85 22 77 19 28 16 65 53 52 33 0 0 25 70 13 30 91 18 77 51 1 52 34 3 7 19 5 40 88 29 56 71 18 51 74 80 1 37 96 13 51 11 9 49 86 75 0 71 85 98 50 83 44 71 7 43 7 59 78 98 18 67 33 26 
62 47 52 12 98 84 5 74 52 90 81 93 91 68 65 10 3 20 43 43 11 54 61 30 40 73 69 81 82 67 80 45 36 87 36 38 77 45 85 88 74 45 35 45 16 52 22 94 98 88 84 55 92 74 36 40 15 91 0 34 57 9 40 79 61 16 42 46 92 5 75 31 95 9 44 3 41 79 70 47 
45 90 48 36 13 51 94 20 67 87 36 64 49 11 37 41 56 60 82 56 41 63 79 26 91 11 76 93 66 6 6 63 13 61 24 93 24 8 1 35 80 15 96 51 95 95 80 35 2 32 31 49 58 27 41 66 27 57 54 14 7 24 4 64 58 55 32 78 43 13 8 12 28 89 26 35 60 69 20 72 
66 24 23 59 1 6 62 98 99 28 75 90 56 2 46 30 59 10 8 63 12 82 68 89 48 46 96 40 70 87 1 17 53 44 64 64 36 28 85 75 22 8 80 22 37 87 8 19 72 76 51 56 42 64 35 12 19 58 67 94 95 16 63 62 14 68 38 66 66 99 23 65 68 81 23 32 18 48 20 49 
70 11 90 41 0 31 27 73 51 61 23 42 49 33 91 22 82 0 71 19 50 45 90 27 2 55 64 38 19 95 68 69 57 12 53 11 16 70 0 17 84 98 19 87 2 56 0 34 72 67 21 2 30 90 48 42 20 78 5 47 80 15 75 42 20 35 52 33 77 65 88 72 15 83 61 80 73 53 86 66 
41 31 14 96 93 13 88 62 29 5 40 70 69 73 25 29 4 80 87 42 63 89 73 2 43 11 87 11 5 75 10 65 72 2 72 95 31 58 35 66 26 62 50 46 58 71 99 17 28 27 49 28 49 25 94 46 89 53 86 8 40 30 30 40 82 1 47 25 43 58 84 39 90 71 71 96 79 49 84 44 
5 48 55 99 9 1 48 9 5 91 14 9 29 19 88 7 35 65 13 0 3 12 11 45 2 10 2 1 9 66 76 56 30 43 77 17 38 70 37 58 66 91 6 55 31 21 92 45 74 48 84 82 38 29 72 71 25 97 89 70 74 82 0 77 12 71 43 59 64 79 55 10 60 66 27 87 48 84 84 3 
31 11 17 34 80 28 64 94 80 1 86 13 95 34 39 97 10 2 0 54 39 49 57 73 36 32 25 12 59 25 70 61 92 62 80 13 53 57 81 38 30 18 10 76 40 41 17 21 33 62 46 1 75 35 24 83 34 85 8 30 80 67 38 98 38 93 49 69 9 9 90 58 40 96 65 58 70 63 54 8 
84 1 51 48 88 61 79 47 89 33 4 45 23 11 78 67 99 8 31 91 52 59 80 87 9 11 2 56 55 1 19 0 76 93 75 59 58 24 74 81 46 20 8 5 48 76 92 75 27 90 60 92 70 8 1 33 42 87 70 36 17 27 91 38 21 35 24 66 41 60 85 51 32 18 41 2 82 23 15 71 
81 73 74 83 47 83 32 43 63 32 78 35 46 15 46 98 66 99 20 5 85 11 89 51 40 79 39 41 15 59 59 83 94 59 5 72 87 8 1 94 91 49 99 38 3 67 84 23 95 97 49 85 18 31 81 98 77 58 78 65 38 72 37 19 85 18 11 75 70 24 29 69 50 40 20 80 41 71 78 2 
65 1 61 45 80 4 89 67 68 93 74 14 19 39 0 14 15 92 70 48 8 22 7 62 93 7 51 81 50 58 27 98 76 71 72 77 67 29 30 27 80 2 34 20 79 15 0 93 35 42 47 4 2 99 35 98 12 59 70 1 96 40 71 52 11 38 12 17 36 98 38 22 94 90 3 99 76 65 26 87 
18 45 58 73 38 98 9 0 98 25 11 88 10 10 63 96 18 48 91 33 69 28 11 63 5 77 45 83 83 39 8 46 0 19 75 25 29 43 26 34 8 39 22 27 83 63 10 50 15 11 70 69 87 74 81 55 58 76 24 33 88 28 48 15 96 13 93 67 55 43 17 97 21 86 13 48 61 16 52 73 
19 53 13 70 82 69 26 82 85 97 31 3 47 98 22 25 74 30 90 7 45 53 14 96 6 70 74 37 87 72 78 38 24 40 24 30 99 24 28 91 49 8 7 39 76 89 0 14 59 48 84 97 13 2 38 1 18 11 90 85 8 23 30 80 86 85 74 39 80 63 22 79 58 75 48 64 19 21 92 83 
83 30 4 82 76 61 71 45 58 29 21 12 14 98 82 92 1 40 72 4 66 75 25 62 41 73 66 14 73 3 17 31 33 43 93 0 31 58 7 67 33 75 75 26 4 0 14 26 63 17 14 53 6 43 24 19 70 74 89 2 84 39 40 23 33 53 33 9 64 6 22 65 56 31 7 91 22 74 52 65 
47 96 20 31 22 87 43 15 56 33 4 30 9 92 83 87 24 82 90 36 73 41 35 24 94 83 59 52 28 47 26 62 79 57 22 16 44 96 46 34 64 92 52 40 33 58 12 86 34 48 93 49 64 73 37 47 28 81 57 48 45 67 79 5 67 60 15 90 74 10 94 7 61 57 49 46 50 85 39 85 
94 5 85 44 63 92 11 95 94 15 77 47 75 27 76 30 48 33 84 23 2 96 37 91 63 73 23 78 74 58 46 80 89 22 52 9 4 46 58 4 83 14 53 16 5 94 47 80 21 15 17 49 30 38 42 45 56 20 81 35 47 13 95 75 54 71 60 9 89 58 32 38 43 86 95 62 19 57 14 55 
47 72 10 79 4 0 18 15 1 78 72 58 23 97 37 73 78 40 50 91 8 80 20 36 67 19 80 98 13 47 1 13 54 86 14 93 55 59 83 47 53 99 96 17 52 34 17 74 16 57 30 2 91 29 30 90 95 13 16 97 67 12 26 40 37 54 6 16 94 67 64 33 66 79 5 18 96 85 81 64 
33 97 44 52 25 64 39 10 94 44 47 16 49 25 91 44 29 80 14 82 79 83 41 66 40 86 3 15 45 37 23 25 4 94 39 68 93 45 70 34 64 44 41 42 51 37 83 23 5 85 18 77 13 27 95 78 52 92 29 42 61 10 31 45 42 91 32 43 33 25 63 54 23 60 93 87 94 29 82 79 
73 75 94 20 28 56 20 65 77 72 4 14 66 9 83 34 87 87 15 39 64 28 55 68 32 50 44 75 12 36 93 84 79 58 37 71 63 69 2 2 36 88 44 39 22 37 93 45 2 23 80 82 94 21 44 66 10 32 82 6 26 31 59 80 52 32 48 34 56 22 21 74 37 38 41 90 88 59 44 1 
63 80 27 54 79 52 48 52 86 40 22 36 12 97 76 61 35 8 63 29 74 36 8 48 7 28 74 5 36 66 24 24 43 96 79 73 27 5 11 72 67 64 38 50 38 82 65 87 81 18 26 69 45 54 27 93 38 0 77 42 93 55 62 35 70 0 57 90 97 49 63 96 90 69 92 51 93 11 5 95 
89 49 40 84 93 45 62 1 7 31 32 96 73 44 5 34 55 32 85 58 43 12 54 20 86 35 73 79 11 15 32 37 17 27 11 36 78 4 37 64 90 33 76 46 47 20 41 12 38 52 7 11 4 12 99 26 25 74 53 66 13 34 42 89 29 98 89 0 56 3 85 33 98 82 84 51 11 4 87 42 
49 4 58 42 92 40 83 12 23 78 87 8 40 77 48 18 10 87 71 40 43 95 85 53 68 94 14 20 89 55 93 60 81 75 75 20 67 69 57 14 9 23 72 65 86 59 9 85 79 46 72 73 27 52 30 19 71 85 80 94 17 6 74 13 93 31 74 48 69 53 93 69 98 89 68 98 93 97 61 94 
61 15 14 49 48 56 90 52 28 66 75 94 79 11 11 94 74 74 47 86 95 64 51 57 23 7 67 25 39 18 52 80 12 98 55 94 82 5 59 68 34 87 99 35 23 45 25 62 15 74 98 2 47 0 83 42 52 79 81 52 22 55 11 96 47 83 64 46 93 87 52 34 50 58 99 48 73 69 37 34 
65 1 46 76 70 4 6 31 12 75 65 98 72 79 85 89 78 30 80 71 21 73 30 7 51 13 52 87 73 22 15 14 47 56 4 53 92 37 7 93 68 61 77 71 27 70 78 72 59 55 1 24 54 7 36 75 90 18 90 72 79 53 29 50 35 0 36 95 89 17 87 0 23 99 11 51 97 57 75 85 
11 41 73 69 89 30 42 41 62 58 9 65 83 73 61 21 61 3 34 8 29 72 65 99 9 70 67 27 52 99 27 4 0 30 53 15 0 65 24 34 44 21 97 63 25 34 42 64 26 26 25 51 69 29 20 43 40 82 3 21 79 9 10 40 66 92 81 52 44 45 95 66 84 7 69 99 57 61 4 58 
41 64 98 56 91 60 23 39 25 39 57 47 77 86 25 30 0 97 61 58 78 97 97 56 65 0 43 12 79 65 68 20 79 11 17 71 0 81 11 92 91 57 26 28 28 58 22 77 99 87 52 48 72 97 73 89 7 44 57 22 28 43 81 58 92 38 46 33 93 74 90 30 91 80 42 64 83 2 23 82 
86 63 44 50 63 66 48 29 11 99 31 89 46 6 7 63 95 4 53 40 44 48 71 29 16 51 61 7 86 61 16 5 90 77 59 24 24 19 72 79 85 40 79 17 94 26 54 85 33 75 97 78 71 33 11 48 4 88 62 26 24 12 47 93 71 29 97 50 29 0 36 48 48 45 55 91 57 84 11 77 
37 17 83 86 8 76 68 43 95 33 95 43 43 62 26 31 99 75 36 20 96 34 0 12 93 60 0 9 29 11 69 46 79 12 91 64 17 38 56 72 98 52 86 60 10 39 48 3 53 86 82 91 15 53 37 66 51 71 78 57 47 56 96 94 68 38 33 96 52 18 90 21 84 83 51 36 33 32 14 72 
55 28 96 46 8 88 42 91 39 4 13 58 56 82 65 34 76 68 41 90 55 20 51 95 6 31 76 19 16 60 70 87 73 76 34 65 17 7 11 67 40 60 8 40 74 33 11 53 34 50 10 39 12 5 2 13 32 20 79 97 39 52 50 0 80 13 88 0 40 46 80 21 63 47 33 11 79 58 54 76 
87 92 1 22 49 69 43 32 13 42 53 18 74 91 82 51 52 8 45 15 36 26 86 94 15 93 62 52 9 16 58 91 71 74 78 90 69 58 42 0 29 9 54 51 9 73 96 23 32 82 75 82 56 55 32 97 65 58 60 77 78 20 0 85 8 83 56 69 43 42 96 64 33 57 98 6 68 7 62 20 
56 45 92 86 38 80 42 63 4 70 14 56 92 49 7 23 69 9 1 34 93 81 16 45 53 46 52 57 39 80 3 8 74 78 80 38 1 25 1 12 21 60 94 4 61 91 79 93 44 71 15 54 10 22 42 71 40 16 66 71 54 5 55 65 71 93 85 97 40 55 32 48 35 82 82 81 88 79 81 2 
97 0 91 19 45 89 94 21 3 98 66 76 13 69 15 27 53 66 97 57 49 53 83 70 51 27 15 71 96 81 39 31 25 57 9 7 8 3 89 40 65 58 37 92 69 4 94 67 40 17 33 74 35 27 30 71 53 58 8 50 67 39 39 87 44 7 24 24 98 39 46 0 47 14 50 24 56 39 0 21 
51 61 41 78 42 34 94 6 96 12 79 55 36 87 73 76 25 68 22 60 51 18 61 36 12 43 47 26 31 26 14 13 7 52 61 26 46 85 26 25 12 61 10 20 51 81 60 16 72 89 13 6 7 83 67 97 1 41 78 60 2 95 31 62 28 41 93 71 91 17 6 41 22 86 18 87 11 24 55 15 
50 26 21 71 98 58 23 35 77 25 4 69 74 68 59 97 92 43 48 24 93 81 11 29 26 65 95 71 50 20 69 3 35 11 48 29 56 12 73 89 1 56 48 25 81 73 82 94 54 55 83 13 0 73 43 23 23 75 69 92 47 46 51 65 26 23 49 85 45 68 42 4 33 41 8 28 28 61 77 28 
48 38 30 50 12 22 84 24 30 15 31 31 94 13 15 92 44 44 51 76 9 95 60 32 96 59 22 94 96 52 91 12 22 50 0 99 49 0 2 95 30 75 90 82 79 49 20 66 20 69 83 49 40 44 1 72 78 2 39 12 67 27 84 65 61 44 99 80 95 57 27 65 8 86 34 95 42 71 78 72 
23 97 85 80 74 99 77 53 48 74 55 92 43 61 24 41 13 12 53 42 34 47 9 74 15 19 19 8 83 71 42 62 92 90 52 37 47 45 74 43 46 22 98 20 74 99 52 93 89 46 39 36 94 42 68 77 84 20 72 15 86 51 3 7 48 46 82 92 83 85 58 1 3 31 11 19 22 24 79 84 
81 9 53 6 71 49 74 39 14 71 19 31 23 66 65 28 6 50 25 30 90 80 64 20 27 70 15 5 5 60 89 36 86 47 2 80 25 36 41 32 14 58 22 96 94 61 97 20 71 38 82 89 85 81 65 51 71 33 58 99 61 28 7 74 88 75 7 82 73 36 80 35 51 63 50 11 11 34 93 36 
42 30 48 87 90 92 59 11 11 85 80 95 41 35 4 65 18 56 65 88 1 12 31 29 10 3 2 18 74 68 27 16 40 94 29 79 94 82 48 40 14 58 73 75 72 5 44 3 65 60 21 51 74 73 95 42 91 6 56 35 23 64 7 92 41 18 15 37 86 58 44 26 21 48 16 81 68 55 12 25 
48 45 26 25 65 22 47 41 61 68 46 1 55 25 7 79 44 98 99 9 8 53 73 92 51 11 54 83 92 17 22 38 80 36 14 24 76 15 99 91 88 65 41 92 92 44 85 81 93 14 17 80 41 10 73 43 37 67 31 8 8 34 68 72 40 25 95 95 40 21 47 76 17 28 65 48 27 8 8 60 
17 9 8 72 38 58 91 74 74 96 43 21 7 18 6 88 65 0 55 42 54 11 68 67 20 91 49 73 84 81 1 34 48 97 46 51 45 3 23 46 59 85 29 44 19 89 10 25 74 25 18 85 96 69 37 93 48 36 55 44 84 72 18 68 97 32 13 28 44 80 42 59 79 92 34 46 31 12 90 88 
64 28 90 89 76 80 70 54 50 69 61 75 77 76 5 89 41 7 26 47 49 66 83 64 47 83 74 36 55 59 9 81 7 89 29 93 20 84 20 93 1 48 20 20 49 6 94 26 55 67 9 32 94 91 18 99 3 51 53 81 99 37 64 39 38 51 64 4 34 56 86 3 42 27 39 70 70 29 59 91 
68 38 25 15 25 43 68 77 74 12 87 65 95 42 85 91 25 76 7 0 4 56 64 8 28 68 64 77 89 65 74 83 87 33 95 89 24 81 23 9 36 59 91 68 71 6 78 25 21 58 30 88 84 16 74 59 96 56 61 81 63 83 46 79 89 80 27 9 45 17 6 89 22 26 22 26 19 86 91 44 
82 47 4 68 53 29 89 69 77 95 83 22 66 55 72 47 69 7 97 46 74 4 62 18 28 90 16 12 43 6 78 17 75 33 71 25 14 71 8 1 92 45 38 93 64 59 66 50 80 5 13 42 62 81 21 99 17 82 49 0 19 65 41 24 68 29 81 45 33 97 3 13 88 45 38 77 36 37 62 25 
13 68 6 88 20 89 89 33 74 48 36 8 91 71 7 76 54 23 55 26 45 11 31 42 50 81 66 86 85 21 84 36 65 34 2 81 2 83 33 52 58 7 59 15 95 29 84 18 29 71 48 75 9 54 11 87 61 76 63 76 49 34 90 26 3 65 87 91 83 11 62 67 53 10 24 57 51 6 65 30 
36 69 81 20 79 65 63 50 90 49 25 23 71 32 42 80 84 83 9 68 83 18 26 43 69 63 3 43 95 10 49 51 60 53 35 85 26 16 23 72 77 78 76 55 46 64 91 30 84 33 34 94 42 75 12 64 35 80 58 67 76 30 72 38 72 39 52 66 82 32 20 20 29 21 59 17 28 13 85 91 
6 16 80 35 27 6 80 33 6 50 39 82 32 1 91 63 89 94 56 76 63 52 53 12 90 23 51 83 40 71 17 68 6 82 48 86 60 56 31 11 44 58 28 49 4 80 21 9 26 32 41 85 93 57 62 17 58 16 37 95 70 95 54 5 26 12 98 16 4 65 48 86 29 42 91 79 8 90 14 13 
64 99 53 31 92 74 44 22 26 40 6 64 57 32 88 9 51 46 30 99 83 67 63 41 86 19 44 92 97 28 54 39 15 93 53 85 0 95 86 77 16 23 73 78 23 27 24 5 87 99 3 12 69 93 16 49 42 1 69 0 45 49 46 54 98 0 37 23 1 89 28 23 48 33 60 45 71 15 0 20 
50 89 26 60 82 24 68 61 98 11 28 28 14 53 89 99 13 85 12 65 7 4 78 75 97 38 5 26 5 45 83 4 71 39 31 98 30 26 18 75 86 59 6 6 34 5 35 93 81 4 52 56 90 26 49 98 32 26 78 51 61 60 82 74 79 36 50 22 33 27 34 45 41 8 87 40 31 48 80 93 
