37
34 86 13 42 92 47 58 73 60 62 47 46 31 14 92 72 72 67 22 55 81 50 58 96 70 77 37 46 53 17 80 3 47 58 67 19 94 
90 1 44 84 82 71 89 44 98 71 21 48 40 21 57 38 33 52 98 13 28 98 50 1 52 25 49 80 33 8 23 19 42 63 41 64 78 
95 50 5 57 61 69 78 66 76 57 57 43 87 16 3 25 33 65 16 23 21 49 36 98 74 97 72 83 76 70 72 61 41 13 75 89 35 
54 77 4 43 60 81 36 95 40 46 31 73 24 17 77 38 31 94 50 95 47 45 37 51 61 76 59 76 81 77 99 41 46 32 66 99 70 
91 44 99 97 96 47 98 63 61 76 82 43 16 95 26 77 61 27 74 64 4 41 97 83 15 15 94 75 85 81 98 55 67 42 76 59 84 
88 5 73 88 98 95 49 5 60 28 57 41 95 47 14 96 42 6 67 83 37 76 20 31 32 91 6 76 68 38 82 21 50 48 15 49 57 
17 46 45 87 71 13 84 95 91 28 20 22 58 92 34 21 13 49 2 15 51 0 2 20 73 70 69 93 66 81 28 79 74 5 11 36 18 
81 31 33 61 88 44 90 61 11 3 26 94 87 50 79 32 56 6 67 8 60 19 67 44 14 18 69 92 42 45 47 82 71 1 3 11 36 
89 29 91 48 35 78 26 60 43 75 85 51 76 2 13 14 31 49 44 35 19 27 44 41 58 1 20 85 99 30 7 14 97 12 13 14 29 
71 35 42 1 40 30 25 67 35 74 82 48 25 17 23 50 1 54 18 46 18 93 63 44 66 22 60 65 6 14 78 7 3 31 63 27 45 
11 90 11 35 43 19 72 2 67 56 79 47 54 89 29 80 24 79 77 71 51 5 98 72 35 59 21 40 95 21 95 26 9 89 94 38 18 
37 94 77 22 99 32 65 31 31 19 2 10 46 90 69 80 81 42 5 86 43 4 11 75 11 4 76 63 50 25 20 53 52 50 69 27 59 
94 99 39 82 44 25 26 95 29 32 51 61 58 65 93 3 7 49 35 50 31 23 26 3 91 84 42 5 84 47 13 78 52 24 40 52 52 
11 12 60 17 80 49 27 95 53 79 10 27 28 78 80 42 13 16 70 53 52 11 2 36 10 36 13 43 22 74 68 31 48 28 22 60 80 
38 77 15 68 85 34 4 93 33 51 26 88 95 40 66 39 92 5 26 82 49 28 30 11 55 18 9 26 43 69 62 42 46 26 32 22 62 
92 41 48 48 53 19 68 66 0 95 68 59 61 70 4 19 30 70 68 17 47 55 64 43 60 29 60 24 82 40 80 18 92 86 48 35 16 
41 64 74 67 67 16 26 70 0 79 46 96 38 38 89 89 71 39 87 68 38 75 93 5 37 62 29 1 53 71 65 95 48 64 82 21 7 
64 82 36 52 19 43 49 32 3 79 62 46 53 24 20 31 60 17 75 78 2 56 48 99 96 76 50 84 93 10 13 2 66 75 24 70 61 
72 50 68 28 95 36 80 26 36 50 80 85 4 69 38 51 70 60 22 6 38 2 94 90 42 28 70 75 81 44 62 65 39 43 35 69 36 
17 73 81 82 67 84 59 50 77 79 6 35 6 46 82 48 65 96 68 51 22 95 39 79 30 96 29 64 52 64 6 64 72 2 58 90 42 
32 42 50 85 64 53 67 78 22 17 57 85 11 78 24 34 66 10 58 5 81 12 65 36 24 50 41 90 41 77 52 41 39 86 13 48 16 
80 27 7 71 73 59 37 0 20 77 33 83 60 78 45 31 55 92 3 23 55 4 57 92 68 89 37 14 10 23 78 53 45 42 38 4 55 
72 21 49 63 66 19 65 68 67 18 35 48 88 27 84 16 0 15 33 92 32 13 92 88 20 67 42 82 28 91 74 43 17 37 96 38 76 
75 40 60 69 84 49 19 18 66 44 80 15 14 37 67 6 11 94 63 83 87 31 99 30 54 97 25 74 97 11 49 70 58 74 35 75 15 
94 58 77 41 2 69 11 28 85 44 21 48 63 54 61 71 20 59 11 42 67 45 74 14 91 33 0 64 60 72 70 16 20 72 21 75 6 
41 41 0 99 0 47 35 20 23 82 50 88 23 3 27 95 99 95 34 25 2 51 4 0 28 90 78 89 6 10 77 45 49 8 34 57 94 
80 26 93 72 90 7 69 65 26 75 75 42 71 43 27 39 26 23 54 88 59 37 15 50 80 35 7 93 70 51 21 30 62 10 21 10 57 
20 38 84 13 72 31 8 19 16 39 12 65 81 33 78 92 53 31 44 44 24 59 17 93 65 37 33 55 30 36 21 54 57 75 17 31 43 
0 31 14 41 72 45 72 5 42 39 11 94 2 67 93 5 98 45 62 30 56 75 74 99 11 65 62 28 20 22 88 63 90 25 54 82 69 
88 72 92 76 79 90 52 14 11 48 94 59 29 89 69 73 74 11 49 90 50 5 46 41 87 73 13 60 64 49 80 76 74 48 37 48 18 
5 0 81 84 7 18 99 17 22 98 94 57 75 7 76 48 87 80 30 87 21 29 50 85 20 29 60 41 44 45 2 16 78 41 54 31 44 
58 50 92 48 9 62 61 25 34 18 55 67 61 31 74 32 42 22 40 7 87 44 40 89 68 56 40 47 55 0 4 87 54 71 32 56 82 
64 68 17 18 43 10 27 45 49 32 10 65 85 45 45 29 6 92 66 42 57 80 14 62 53 30 66 57 50 27 90 61 2 37 91 30 35 
19 5 28 62 35 40 22 65 56 4 79 65 0 27 90 79 38 44 54 68 1 3 16 44 47 18 15 91 5 32 51 32 64 65 18 95 84 
93 64 74 81 26 17 1 92 96 9 50 68 52 99 88 50 81 67 92 34 24 47 67 87 51 53 27 27 17 95 96 65 89 92 47 72 56 
35 6 41 62 10 39 44 1 37 43 88 32 41 68 13 35 48 74 96 61 87 75 66 23 40 89 57 12 53 73 4 49 22 24 46 8 66 
86 27 2 25 88 95 13 23 61 80 68 9 20 23 16 98 97 26 45 4 23 69 35 53 84 27 23 16 66 48 46 45 18 17 76 10 27 
