31
98 8 81 86 77 22 54 39 96 48 61 74 54 33 69 67 73 31 36 59 48 84 89 84 80 81 98 14 56 1 86 
87 81 41 24 47 61 88 22 87 44 74 16 96 65 35 17 29 35 95 85 26 35 88 86 83 51 32 20 12 17 60 
15 27 22 62 27 21 63 11 0 14 6 32 58 5 70 52 96 39 52 28 40 96 26 16 78 99 2 6 30 16 44 
51 13 25 45 13 28 40 4 92 91 13 23 26 5 3 59 36 81 98 57 78 30 61 13 95 65 38 37 93 91 15 
56 99 22 46 30 55 29 9 6 78 0 56 18 36 78 36 83 29 65 26 82 25 55 57 24 5 79 78 34 50 76 
38 72 52 68 62 11 59 90 54 99 10 85 86 64 30 44 99 69 54 38 23 82 57 63 1 7 39 37 63 86 17 
93 74 10 21 31 16 55 55 57 9 66 31 32 44 32 80 61 12 79 0 6 84 18 1 25 48 98 80 50 71 55 
75 46 17 17 90 53 17 64 58 68 85 58 41 80 74 27 21 75 19 4 9 28 49 61 99 75 34 57 29 39 36 
29 18 79 53 89 8 16 12 26 48 89 46 29 13 6 51 73 54 15 97 24 80 89 80 28 90 87 75 37 65 10 
26 63 82 75 81 65 30 75 74 62 68 57 60 33 55 37 4 45 92 85 8 94 66 44 83 42 89 86 83 72 20 
1 43 62 85 11 65 19 60 55 23 27 83 43 43 28 29 77 5 27 97 20 94 36 62 45 26 0 30 47 58 59 
63 16 73 33 62 43 18 62 51 78 59 86 54 46 4 9 37 74 1 80 78 73 22 21 5 96 15 89 27 0 61 
90 54 37 84 17 69 35 22 54 22 42 93 43 75 29 9 32 31 33 17 40 71 17 24 57 54 94 40 98 37 99 
11 38 63 42 18 57 37 10 39 19 18 26 74 29 23 65 8 37 14 69 1 70 0 37 88 52 41 17 89 42 68 
49 16 49 72 26 12 90 0 70 40 77 22 99 61 9 74 58 32 43 62 82 80 38 69 36 31 98 87 96 52 54 
88 77 28 72 9 33 89 27 36 53 80 76 54 8 59 94 72 68 1 52 84 93 75 10 66 21 87 79 71 48 58 
13 89 81 19 72 85 64 59 1 38 96 54 84 83 17 84 69 33 22 99 71 87 64 65 55 27 55 78 91 98 55 
70 96 55 47 45 39 72 14 35 56 58 14 35 41 73 86 99 77 41 41 7 92 11 33 63 80 87 11 87 38 67 
12 30 35 65 80 87 71 15 43 97 3 36 29 48 15 38 32 33 62 11 77 15 99 1 20 45 18 88 57 26 0 
94 95 83 69 21 32 51 38 45 52 20 74 72 83 78 26 32 86 10 90 37 22 89 24 85 63 79 44 16 68 99 
21 52 89 45 6 54 27 31 5 75 11 37 46 54 33 51 10 7 48 62 55 65 43 52 31 73 68 68 3 97 13 
14 9 16 40 47 79 95 72 14 65 48 6 51 35 10 59 77 11 42 70 20 65 73 82 80 96 36 86 53 58 25 
57 88 73 71 55 94 84 97 40 76 5 8 33 27 84 92 12 39 14 45 37 16 37 75 21 29 35 55 6 53 51 
93 61 3 55 36 55 57 44 93 91 73 40 40 66 57 34 87 57 46 5 89 92 76 46 64 13 3 44 68 83 78 
86 73 36 5 72 31 34 74 52 81 65 22 0 75 27 21 4 33 2 52 61 97 40 74 93 12 5 51 15 30 65 
89 36 25 73 93 32 81 67 14 71 30 74 97 51 5 63 42 79 28 55 22 82 30 7 62 26 79 95 76 9 6 
72 25 92 13 67 71 60 1 66 40 30 64 49 80 87 75 91 93 50 61 88 25 1 63 31 42 27 37 37 61 88 
99 21 60 19 69 99 79 10 20 19 62 68 27 3 98 7 85 42 29 6 49 60 48 76 28 99 24 63 18 96 8 
73 98 39 3 85 84 93 82 91 37 79 17 30 62 36 27 67 62 76 83 94 18 21 79 64 30 12 60 96 2 92 
93 12 14 86 65 45 20 8 46 60 9 69 96 55 83 64 99 54 90 97 39 59 65 93 78 34 28 61 56 91 96 
32 26 6 87 70 15 19 83 6 21 35 90 30 93 24 1 82 55 86 77 82 52 68 98 8 77 8 11 82 82 63 
