28
2 33 68 71 7 77 81 24 18 92 51 90 97 41 3 9 90 38 57 22 44 19 5 62 16 15 54 96 
53 13 86 66 23 71 55 62 29 13 64 86 10 32 73 3 58 9 6 44 15 98 67 60 99 0 92 28 
41 92 54 74 39 96 73 23 78 53 23 4 97 20 76 26 49 86 49 63 58 33 66 53 60 68 90 18 
25 86 69 66 38 4 14 21 17 5 76 33 78 52 28 80 38 14 48 50 14 17 10 55 69 52 17 12 
80 52 28 33 82 37 90 62 87 67 73 95 21 24 55 14 62 43 52 47 49 26 82 88 52 17 36 51 
42 92 65 30 6 47 44 17 40 37 89 54 48 18 23 22 52 61 50 16 20 95 77 76 14 54 64 55 
73 71 36 90 41 27 99 1 72 85 11 73 48 49 71 37 86 24 1 74 84 28 96 30 55 39 50 5 
40 53 91 31 3 90 84 21 39 35 50 83 5 72 48 10 37 47 84 36 71 25 34 49 53 1 98 76 
75 15 28 59 51 82 95 21 4 99 55 48 87 18 0 94 33 58 91 80 76 17 68 69 72 86 50 69 
26 56 60 91 24 80 81 73 52 18 87 95 19 13 2 82 50 85 91 32 36 87 76 66 68 52 98 74 
13 6 50 58 92 5 98 5 93 53 15 49 83 21 24 79 64 89 79 0 64 56 28 68 86 38 16 97 
14 4 43 81 3 6 29 73 46 43 35 20 16 71 6 72 67 40 50 44 3 65 24 53 0 47 3 46 
83 55 46 61 53 65 15 92 56 81 71 62 45 96 97 55 36 73 12 89 80 89 37 10 15 12 20 91 
3 54 88 35 42 51 98 29 67 39 6 58 25 64 40 93 41 86 30 26 77 8 31 1 24 33 77 17 
2 83 68 80 52 33 50 9 69 5 16 14 72 70 31 7 79 62 93 37 1 90 67 73 79 11 46 0 
16 59 49 13 83 77 46 40 76 72 23 2 44 98 73 7 25 62 92 36 76 55 41 43 53 68 75 4 
26 58 69 6 39 17 10 54 30 99 33 76 98 58 97 21 25 77 52 6 5 11 83 47 10 12 28 3 
66 44 52 31 10 42 65 6 46 22 92 25 39 19 53 16 39 41 92 94 85 98 65 33 25 25 56 30 
83 28 14 60 0 94 92 95 12 70 21 96 36 33 83 65 46 52 91 16 98 39 22 37 52 34 1 84 
53 15 49 64 93 71 28 63 94 86 8 11 34 22 9 58 86 76 67 17 79 75 90 55 88 46 89 34 
86 28 83 72 24 62 65 5 78 94 57 63 88 92 23 58 53 71 46 2 43 41 27 44 2 11 62 98 
96 68 66 46 15 57 35 53 55 59 7 85 48 33 29 1 15 88 71 58 69 20 18 49 25 94 96 91 
91 49 16 60 19 78 33 87 43 28 49 79 9 28 72 64 85 86 21 41 27 29 18 63 18 58 79 14 
92 1 34 47 6 96 22 18 88 40 66 83 35 9 50 61 14 18 51 34 75 0 56 47 99 17 73 59 
89 72 69 94 25 7 13 37 3 4 90 0 56 46 69 25 65 85 25 0 12 81 90 64 61 88 82 98 
68 38 48 27 4 71 30 1 3 44 44 95 31 30 16 2 3 40 65 29 94 12 86 59 68 53 91 21 
86 40 36 2 49 45 39 12 52 58 60 86 63 84 88 63 20 13 58 35 96 42 79 87 7 0 18 31 
89 94 39 69 44 31 0 57 79 59 61 41 34 45 62 38 5 83 81 24 7 98 78 56 51 55 79 12 
