94
96 86 0 9 18 62 37 39 32 17 3 86 2 29 25 31 18 33 28 31 25 11 6 32 39 68 18 52 93 92 25 21 83 16 79 70 49 33 9 78 36 14 4 56 74 98 60 38 51 11 46 66 31 19 75 66 29 65 89 99 55 40 58 82 79 45 37 76 54 30 33 57 48 44 92 0 99 21 99 74 23 47 73 48 63 22 87 50 53 1 44 70 32 49 
81 67 47 69 90 60 19 77 73 44 1 46 41 75 82 44 36 99 88 48 45 26 97 90 76 13 13 27 92 38 45 2 92 34 75 96 11 13 16 78 77 56 64 41 86 21 30 54 1 18 71 79 27 72 75 37 36 30 91 39 83 19 33 89 9 53 31 27 87 76 38 21 73 55 39 32 11 42 55 38 23 45 65 83 90 97 2 37 85 45 65 57 32 89 
73 0 93 46 42 26 50 21 84 58 80 19 56 99 45 97 23 37 26 50 64 25 94 54 16 68 7 38 29 31 67 71 80 80 16 27 10 40 48 31 19 65 3 94 21 87 79 3 19 20 58 64 90 76 68 59 9 15 64 38 49 38 56 13 83 98 41 87 38 53 98 15 79 1 58 86 28 99 5 12 21 1 34 91 9 9 79 91 84 6 78 67 75 12 
60 21 18 80 46 86 50 38 75 77 71 20 37 78 88 40 51 63 45 61 60 51 83 46 7 99 10 49 6 75 89 4 26 97 0 83 25 57 22 46 35 65 47 48 63 87 48 41 10 13 27 80 46 77 66 62 64 47 14 16 16 8 54 91 87 46 18 99 27 90 14 89 79 74 20 10 37 59 26 2 61 78 49 90 85 27 84 42 11 30 25 54 64 80 
53 8 17 95 47 60 55 99 90 68 30 92 90 74 15 43 65 80 12 21 46 87 48 71 3 88 63 45 95 25 65 51 36 68 82 65 3 45 87 6 59 26 28 77 20 89 17 36 72 46 72 43 96 98 49 72 1 36 60 56 31 4 36 79 46 22 61 16 91 56 25 17 51 20 81 90 71 89 51 93 89 89 15 19 55 37 78 66 4 17 19 78 97 94 
5 41 3 98 47 3 3 59 34 15 59 9 62 70 94 6 32 34 51 76 88 78 20 38 4 13 86 95 31 8 86 32 96 90 26 33 71 31 26 12 54 77 23 1 42 95 22 86 85 19 70 27 52 48 31 43 50 13 94 31 24 70 9 83 4 5 5 78 69 92 89 17 97 77 23 29 57 90 62 60 46 24 66 91 77 89 7 58 34 87 16 64 58 99 
91 85 35 85 19 5 57 93 51 0 78 77 11 29 47 79 15 76 35 38 54 63 10 68 76 16 70 13 35 54 62 56 0 87 59 68 92 39 7 63 57 59 22 59 12 3 61 29 64 89 23 0 56 96 55 62 35 21 59 5 85 14 35 73 31 81 65 46 8 72 28 62 75 91 13 29 12 77 54 93 6 5 0 9 95 25 24 70 88 77 29 62 25 55 
85 25 21 87 68 73 55 67 44 57 95 60 51 70 8 99 3 31 4 38 56 99 71 67 38 69 38 64 56 88 19 34 8 89 9 57 6 91 29 4 33 5 64 58 75 26 57 24 90 90 79 61 19 49 28 49 80 75 54 42 95 67 55 6 85 24 40 10 49 66 26 51 25 53 32 80 31 26 69 4 33 71 15 86 75 76 42 43 55 35 23 55 87 8 
89 28 43 48 69 88 94 68 78 25 31 99 35 96 61 20 14 56 79 41 63 77 23 66 5 2 37 62 94 59 88 65 49 15 54 23 85 57 37 36 45 90 99 5 38 69 22 58 22 27 61 82 11 38 18 89 81 29 64 60 2 57 98 96 3 63 47 97 55 63 1 6 87 81 66 95 17 26 49 75 43 2 62 87 96 1 9 91 3 60 7 49 84 7 
84 20 91 5 77 47 88 28 20 30 44 26 46 86 43 85 88 87 95 95 86 7 82 70 55 86 89 96 99 56 79 23 12 9 85 92 4 37 7 37 16 29 57 49 58 10 20 28 9 22 76 53 41 76 24 77 34 1 72 56 91 37 64 18 84 67 85 69 57 67 5 78 78 62 32 3 15 63 62 24 65 24 28 74 88 91 26 45 36 92 72 21 7 62 
74 85 65 15 55 42 86 44 41 20 46 28 2 48 55 56 26 9 68 89 45 78 86 83 46 96 50 20 81 78 39 25 58 54 22 31 63 34 89 49 92 32 31 17 91 47 93 50 90 64 97 22 34 85 51 26 65 40 36 7 20 60 24 46 76 62 25 81 33 3 6 57 30 61 62 8 60 24 97 8 34 34 50 30 86 12 91 89 70 46 26 3 83 38 
21 27 83 41 72 88 65 41 27 25 98 94 51 18 59 32 15 16 9 22 13 81 39 71 19 99 58 39 31 7 7 52 82 94 35 94 36 36 76 28 94 73 44 11 34 85 69 74 92 11 68 55 19 15 48 52 14 14 92 89 16 39 33 55 51 3 1 79 29 73 80 21 2 28 13 47 43 14 95 46 59 24 90 73 87 92 9 22 96 75 73 77 25 83 
91 82 13 88 1 11 30 39 22 16 92 15 69 32 49 2 95 25 57 25 4 63 91 8 69 22 62 69 88 91 90 87 87 98 31 67 70 9 89 62 39 56 87 70 83 44 81 76 23 86 32 95 46 31 57 16 70 58 31 17 99 59 35 16 39 6 29 20 84 91 92 7 5 89 95 93 24 32 67 56 85 66 18 49 51 3 2 74 7 34 95 23 2 12 
47 12 89 90 8 72 45 83 56 49 89 87 84 11 91 69 59 46 87 36 35 80 99 93 94 40 64 60 86 42 30 84 7 29 3 79 55 3 74 6 84 8 20 27 74 48 40 57 72 83 71 53 29 48 51 47 44 69 93 39 93 75 67 78 55 54 99 76 42 21 70 8 94 8 16 97 58 10 45 17 8 69 63 44 78 52 98 86 46 1 94 48 55 18 
56 85 75 3 15 66 29 41 22 66 56 25 51 92 91 51 63 41 93 18 45 25 41 6 42 82 66 33 91 57 36 46 25 30 42 72 97 52 81 52 53 54 19 91 35 36 58 71 81 69 64 20 91 21 66 55 36 55 97 51 36 46 49 92 67 34 89 93 96 98 9 34 36 76 83 19 74 82 97 4 9 76 40 49 92 35 2 58 22 61 70 57 21 58 
93 28 14 79 20 3 51 61 65 78 22 10 60 76 86 85 70 72 23 96 67 53 15 3 0 9 20 75 71 58 86 93 44 17 73 46 63 69 20 40 62 13 33 7 41 57 17 69 77 75 36 43 43 6 38 82 48 40 97 7 50 50 43 56 70 44 21 35 46 22 78 96 15 14 93 22 91 76 54 59 16 71 71 75 57 53 36 20 75 89 70 8 16 57 
84 74 88 97 89 66 76 60 1 92 24 26 63 37 46 21 68 46 9 22 25 54 17 91 61 67 79 98 14 1 9 23 10 27 93 83 33 19 10 83 45 16 61 25 87 74 10 70 97 39 31 28 78 50 38 15 73 21 54 67 70 99 97 60 83 8 81 99 15 1 40 73 33 73 31 43 96 35 82 40 72 81 98 99 85 49 73 32 56 58 24 38 85 63 
19 41 72 76 64 81 81 90 86 99 63 34 77 79 74 98 91 32 81 61 87 33 14 32 3 64 45 37 59 53 84 99 92 97 5 8 51 16 59 25 75 58 50 92 95 66 50 88 18 89 67 37 9 62 46 27 61 99 82 66 37 72 50 0 72 75 11 27 73 73 2 17 97 57 50 50 62 79 24 89 52 91 28 8 40 43 25 34 26 71 70 74 9 61 
40 98 67 89 80 42 55 56 37 43 10 4 35 21 16 15 23 1 72 42 43 99 21 48 98 60 52 78 93 88 56 14 17 69 56 83 14 12 39 64 61 84 71 27 61 12 96 38 68 28 24 38 44 85 91 37 58 39 61 90 3 89 76 83 62 21 37 23 83 61 87 34 69 18 23 26 16 75 83 7 38 6 94 88 19 31 82 1 60 50 63 13 64 52 
47 21 7 5 88 86 28 86 26 89 98 34 0 1 12 83 71 27 70 26 84 54 28 83 46 41 57 24 55 42 57 25 65 28 35 19 26 97 86 46 57 22 60 0 76 85 97 71 51 74 39 34 58 70 19 16 44 76 88 19 52 9 48 89 8 24 66 5 2 23 75 5 79 21 58 60 64 29 0 19 3 40 26 76 14 95 24 27 11 92 10 45 75 90 
38 7 90 68 9 9 58 64 33 56 16 38 21 93 32 9 23 32 23 8 82 94 18 17 15 91 95 50 22 39 81 42 71 8 34 53 40 33 28 4 14 99 60 8 76 69 67 25 47 17 40 54 8 22 59 44 68 69 20 97 21 81 51 44 27 51 73 50 94 90 21 63 16 48 12 4 59 11 42 77 40 63 65 12 43 77 77 72 47 68 63 91 67 3 
84 35 22 36 81 29 4 73 41 38 38 82 51 89 79 82 85 85 86 65 6 76 76 83 52 22 52 8 7 73 26 97 71 5 89 32 96 24 33 44 7 75 63 2 41 56 44 52 20 74 42 92 96 14 91 68 19 80 31 86 24 98 69 19 43 57 70 15 86 27 14 12 60 60 69 2 22 25 45 99 75 66 94 63 78 76 7 40 99 68 1 57 15 71 
46 25 45 4 86 15 85 79 70 33 37 44 55 65 79 56 23 92 37 91 91 10 76 96 4 51 48 5 96 10 83 44 69 19 93 16 26 74 27 36 66 26 39 39 65 68 11 36 25 59 96 84 46 50 59 6 79 49 30 19 61 44 28 53 80 84 86 14 4 60 79 85 13 81 73 49 74 58 62 42 40 84 66 13 45 90 37 36 40 65 49 39 32 59 
58 89 56 66 66 19 38 4 29 92 20 77 78 26 0 88 61 97 92 83 3 59 22 51 68 20 34 97 12 71 54 96 74 85 71 95 43 66 46 26 34 22 6 45 81 99 50 33 79 78 95 72 65 44 19 12 32 54 70 31 52 89 45 30 83 4 37 48 86 63 78 95 9 74 36 78 91 83 44 9 76 9 68 7 38 38 38 81 59 0 71 89 77 79 
39 66 73 87 41 78 59 42 36 34 30 34 34 9 60 78 50 61 88 93 89 15 83 59 61 43 99 87 61 77 71 67 78 99 21 54 76 7 65 64 58 91 86 11 67 68 43 68 68 81 40 15 62 50 88 29 78 61 75 14 42 76 49 92 87 5 10 8 69 88 77 55 30 15 88 28 11 0 78 77 22 19 43 39 44 34 33 15 55 88 84 7 55 50 
84 55 43 21 84 50 37 49 35 9 2 53 20 38 23 93 99 77 44 85 37 0 71 33 69 90 46 51 84 15 79 71 5 86 76 94 63 96 3 37 75 72 1 98 10 77 59 91 83 52 74 95 11 55 86 5 14 80 70 6 73 18 60 55 5 63 68 9 80 1 92 10 77 26 78 41 39 48 94 18 25 59 36 55 0 88 82 51 2 22 82 86 67 67 
42 58 79 16 38 5 54 94 23 7 96 74 71 63 66 68 84 98 55 37 2 48 88 58 38 23 5 9 32 82 0 51 14 48 85 19 57 6 57 99 93 87 9 9 43 95 99 13 35 78 19 86 68 39 15 46 66 33 61 12 35 95 82 29 99 68 44 79 23 1 46 43 62 48 52 97 73 25 62 90 60 60 2 78 74 50 50 84 20 85 20 3 7 12 
48 42 94 96 56 8 3 34 68 91 9 32 57 96 3 94 44 56 57 10 88 37 32 53 28 79 89 43 43 38 96 53 75 50 79 26 41 39 80 79 75 3 54 56 44 68 12 57 4 63 46 54 84 59 47 67 29 44 24 27 26 9 89 99 77 93 65 55 75 82 28 2 91 90 62 49 12 43 96 15 86 58 50 86 48 97 49 48 85 51 90 48 81 29 
4 25 8 26 80 48 33 63 38 91 17 77 33 65 78 80 95 90 83 42 90 59 74 30 71 13 89 95 94 68 72 57 12 24 67 26 1 95 16 21 74 21 32 23 50 17 70 68 9 21 46 47 46 61 31 10 37 57 64 41 10 49 82 56 5 47 7 76 8 57 20 71 19 52 96 50 49 33 12 37 66 70 19 24 65 92 71 41 84 20 87 72 58 33 
76 84 71 63 59 77 20 2 4 80 15 41 57 16 8 20 23 89 82 37 98 90 7 96 61 15 6 35 84 66 99 90 30 12 82 43 67 25 94 18 6 57 89 7 32 53 92 64 52 62 69 30 24 81 57 97 75 4 37 70 73 85 4 73 35 41 42 71 11 67 77 84 40 67 21 94 16 66 39 88 71 6 27 10 44 40 22 23 31 13 47 15 21 41 
74 94 93 85 35 28 64 93 22 18 95 99 47 99 10 71 37 27 68 76 56 77 19 36 27 1 85 8 66 21 13 19 77 13 90 50 89 41 41 24 16 3 87 8 51 98 16 4 77 95 87 12 84 78 83 16 68 33 3 31 96 93 80 83 0 2 39 46 37 58 94 63 12 26 83 61 57 65 68 28 40 38 19 22 67 29 66 18 12 85 0 41 43 81 
30 69 71 93 60 27 9 56 43 80 49 40 93 64 37 27 61 44 74 37 1 99 65 35 55 80 36 78 71 70 65 52 47 48 63 97 40 68 94 2 5 51 80 58 79 37 47 29 36 19 61 12 45 9 75 31 70 78 71 17 69 82 68 11 44 53 20 84 68 25 8 65 99 14 76 58 89 14 99 97 47 6 36 7 99 38 99 77 40 21 5 36 25 82 
14 13 80 59 81 1 53 31 71 16 62 87 86 53 13 13 81 18 40 29 85 30 66 29 78 22 80 5 64 88 45 64 57 7 35 67 7 71 20 72 84 80 84 27 50 59 38 96 14 57 27 64 48 85 24 70 92 61 26 78 5 81 43 50 12 44 37 17 65 31 84 54 29 96 7 57 31 60 47 41 84 93 86 90 10 0 95 69 34 75 15 71 10 75 
52 79 94 44 67 97 20 86 99 92 59 56 42 62 5 48 17 67 96 47 43 28 31 43 51 3 50 7 82 93 67 73 28 43 41 88 48 54 83 70 67 42 75 13 94 69 21 2 4 34 74 78 69 5 14 97 58 6 14 29 91 75 8 61 55 6 4 75 20 28 51 60 58 20 55 18 22 0 55 24 75 66 95 14 53 58 35 64 66 80 4 34 98 46 
47 10 76 73 75 42 4 69 63 0 96 38 73 64 82 81 90 33 39 12 21 16 38 55 96 70 52 32 13 65 28 54 59 59 61 14 78 0 39 87 68 85 7 96 91 30 78 56 51 24 9 54 53 3 40 51 26 20 16 58 74 95 92 6 66 30 44 55 5 1 69 7 78 49 73 39 27 16 34 11 1 10 18 58 56 32 87 87 27 91 74 34 50 15 
42 16 60 9 57 51 63 46 42 72 88 55 15 10 79 31 27 56 48 36 81 3 28 86 19 7 11 65 58 92 12 86 71 25 50 53 82 66 54 82 35 23 62 98 17 81 5 78 40 11 22 0 93 57 7 5 85 46 25 31 51 53 22 51 33 68 12 86 45 68 77 6 47 32 89 76 35 16 11 86 78 97 40 11 25 0 71 86 72 85 30 41 38 40 
86 2 54 63 97 52 84 17 72 85 10 26 89 95 44 23 51 86 0 6 69 21 62 73 22 17 5 92 61 2 51 64 42 72 6 14 77 15 48 50 15 91 1 66 85 49 26 94 24 42 66 2 3 62 92 74 22 84 22 22 79 40 65 75 5 68 71 19 97 63 40 81 70 73 55 84 57 48 91 14 41 35 56 28 54 10 78 49 89 33 61 44 28 54 
90 84 30 26 23 32 69 8 23 96 38 55 76 15 79 13 44 58 52 64 98 65 51 96 30 17 73 60 42 90 67 87 68 16 71 79 54 18 16 45 20 2 53 91 40 72 32 64 24 93 12 94 9 88 49 50 22 30 84 36 79 91 60 25 68 69 15 75 6 28 83 0 40 31 4 59 36 7 58 29 52 33 77 56 16 19 9 34 3 36 85 25 70 92 
4 86 38 13 90 56 9 75 49 99 91 91 67 99 3 19 69 51 45 42 42 22 80 83 15 14 92 75 7 92 2 49 34 27 89 86 96 68 66 39 59 12 68 23 34 30 61 61 20 64 85 78 57 21 79 63 42 76 91 60 20 92 80 5 51 17 59 98 40 3 93 11 24 17 77 13 58 68 86 81 80 7 16 6 17 48 87 53 82 17 6 57 71 37 
78 97 11 78 90 4 24 12 23 24 93 11 88 3 25 46 67 10 52 7 80 7 46 24 84 54 96 41 98 52 40 88 18 97 77 55 39 57 59 87 99 25 73 18 66 4 4 47 27 49 69 78 43 12 68 8 0 93 60 28 3 4 51 32 55 20 6 95 69 79 45 49 21 80 21 2 99 64 76 67 19 81 19 10 10 25 47 53 25 3 21 58 61 97 
59 86 58 91 77 4 50 47 86 33 61 55 77 75 26 39 91 75 57 8 41 72 73 82 71 58 30 48 92 51 79 68 94 73 38 53 63 13 52 66 50 4 64 62 3 65 44 61 38 10 31 91 71 33 52 79 60 71 55 48 68 27 94 43 19 98 63 4 55 34 44 43 77 17 17 63 6 28 93 19 18 81 68 69 50 63 62 60 70 89 61 6 38 66 
22 44 54 20 49 62 1 54 42 98 87 52 56 27 32 59 65 76 61 87 49 0 18 27 92 62 13 55 55 78 37 43 19 5 19 87 9 51 27 39 61 35 73 90 42 17 29 24 16 15 5 9 97 53 38 0 38 12 29 5 21 54 14 28 9 12 78 80 78 56 11 63 55 2 49 22 74 75 99 49 85 50 68 10 20 40 50 80 60 98 23 12 76 72 
16 31 31 92 63 34 72 97 25 99 74 96 88 97 24 70 43 72 18 32 20 6 10 92 7 58 93 76 1 24 30 1 32 37 14 89 54 61 55 98 66 3 3 11 6 2 60 18 23 79 93 70 75 6 4 85 37 41 23 14 68 3 78 4 89 35 10 32 20 18 84 82 17 19 73 1 99 74 83 98 51 99 66 30 7 17 9 97 31 11 80 72 40 19 
97 14 76 67 95 87 31 37 74 94 63 23 98 13 64 59 96 99 94 64 7 22 47 4 77 62 82 90 85 55 62 28 57 7 9 38 4 16 84 60 37 9 44 11 84 31 67 44 19 12 65 34 54 52 46 42 48 29 13 16 69 53 60 53 0 62 23 0 70 94 39 22 50 64 47 79 16 71 73 26 57 38 71 61 20 10 38 11 51 41 89 27 54 80 
51 22 49 96 18 76 29 5 20 36 72 87 8 54 26 58 47 83 5 69 9 81 5 31 54 68 61 87 5 8 30 23 60 92 57 73 75 32 69 1 84 52 11 77 76 14 22 62 15 99 99 17 54 69 9 36 74 80 66 15 98 75 26 46 25 74 38 72 10 75 13 54 1 90 99 99 47 58 55 21 74 5 63 61 3 83 19 47 14 92 55 65 51 96 
10 10 4 13 67 62 22 92 51 65 48 48 85 33 76 13 6 70 37 85 14 6 63 21 37 33 17 23 35 28 17 95 25 41 79 48 36 58 72 45 21 88 70 65 12 71 40 48 51 1 74 36 23 3 39 73 9 39 5 77 6 60 32 64 32 73 88 47 26 54 47 68 24 17 49 18 56 76 78 11 94 38 59 89 74 29 23 77 39 28 69 83 96 27 
38 6 8 28 97 15 56 24 64 46 40 95 54 53 46 0 46 51 82 1 3 84 35 36 30 10 73 60 13 12 90 3 78 7 10 84 36 11 34 44 2 95 32 82 26 90 93 53 46 70 97 3 85 30 15 3 76 20 65 99 17 29 47 9 6 33 21 16 47 60 32 59 90 4 61 38 59 52 5 17 55 52 17 63 31 90 49 3 74 7 44 49 77 29 
43 40 51 26 72 28 36 21 79 93 51 7 11 76 71 43 18 96 92 55 50 8 35 57 62 40 96 95 78 59 13 16 67 45 40 8 50 73 86 34 58 70 58 44 46 70 52 27 45 84 39 66 62 68 27 14 4 77 25 84 55 64 73 91 70 88 65 44 32 97 68 96 81 61 14 9 38 46 28 14 61 71 84 45 48 22 86 86 25 55 62 70 67 47 
89 93 80 16 27 22 94 22 80 90 29 71 24 93 42 67 78 1 82 25 28 11 59 79 52 16 20 98 74 85 1 86 93 87 33 54 2 10 63 15 17 65 45 27 39 51 71 45 69 10 9 68 70 34 40 25 72 36 10 46 53 36 82 76 14 84 98 6 93 12 25 32 83 60 61 11 64 33 61 20 71 44 97 58 43 0 86 6 16 67 34 38 5 93 
30 70 50 1 78 95 13 48 86 61 17 75 77 49 71 17 28 44 11 32 82 79 31 6 47 48 3 8 92 22 7 18 16 10 30 80 5 2 49 54 7 82 81 55 62 45 15 73 23 94 4 85 64 93 41 4 81 85 57 60 0 11 98 24 34 25 82 72 59 26 98 37 51 72 2 84 71 16 40 79 84 80 4 11 12 74 65 31 97 40 38 82 39 61 
79 91 66 24 95 42 85 25 39 47 28 37 8 80 68 74 7 92 17 96 62 23 45 90 24 57 23 26 22 86 55 60 53 79 17 38 35 89 30 9 37 38 76 87 59 89 41 18 20 64 91 1 42 65 35 38 18 94 99 25 81 69 71 71 26 56 94 15 83 74 27 6 24 48 32 29 95 11 95 54 78 75 61 7 68 71 78 90 58 92 80 38 59 74 
0 99 82 2 7 35 88 31 98 13 98 87 36 19 68 97 41 35 30 81 45 82 68 3 47 86 1 78 52 2 36 42 56 8 94 93 54 95 4 35 69 82 86 32 32 14 18 71 92 96 43 78 41 23 45 85 1 93 14 39 65 32 88 96 26 13 93 57 92 77 8 83 87 57 90 63 87 88 25 78 66 31 74 13 82 44 53 16 33 16 90 65 7 76 
11 64 38 67 76 57 33 3 37 50 93 1 6 88 26 70 89 41 21 65 70 44 47 67 99 84 73 6 56 66 0 10 61 79 41 34 19 59 73 96 61 57 74 27 91 43 25 9 6 56 92 57 12 65 14 51 91 94 83 97 17 44 50 78 62 80 69 37 29 5 55 92 14 51 94 46 85 24 20 84 9 60 48 52 83 46 41 56 70 17 6 10 0 57 
10 33 2 32 49 17 67 85 12 11 83 20 69 44 39 98 78 47 64 53 20 34 32 37 9 2 38 94 51 60 38 86 28 69 74 38 54 53 44 69 44 17 87 97 76 14 42 19 77 34 80 61 32 34 66 79 58 25 76 88 28 25 95 35 8 52 8 38 18 38 28 26 67 50 68 5 82 19 69 33 7 38 65 26 20 77 42 44 52 50 40 95 47 50 
21 80 10 97 61 93 56 28 1 60 57 87 76 52 75 13 13 62 21 33 4 0 41 39 28 16 2 84 54 56 88 46 39 61 57 92 45 2 28 91 56 75 65 83 65 59 23 33 89 40 10 13 27 14 66 95 11 63 34 22 50 26 77 95 71 82 46 65 45 6 22 82 60 67 68 82 26 82 67 18 78 36 96 93 11 52 79 74 91 89 34 66 76 94 
28 2 97 30 41 5 87 24 63 14 90 44 2 68 39 24 46 73 95 26 5 1 61 43 0 52 53 34 6 12 73 55 0 78 90 19 93 18 16 28 14 54 41 21 23 29 67 97 12 38 89 70 54 53 23 34 66 12 85 9 20 98 3 49 30 49 94 47 92 38 89 63 40 19 19 84 54 13 96 61 30 32 15 44 3 69 39 82 32 35 22 20 90 73 
11 85 89 92 92 28 64 84 92 72 7 1 88 92 56 97 49 25 3 57 6 96 95 57 71 18 90 1 97 29 65 78 86 86 61 58 85 44 42 56 87 44 13 80 17 36 45 47 70 65 39 78 49 82 12 2 21 42 97 85 37 98 1 92 38 25 34 28 28 16 61 34 8 66 94 79 21 61 69 97 39 48 10 18 61 38 20 15 23 75 72 16 99 89 
34 83 45 25 84 94 50 40 75 26 57 91 44 94 53 11 36 54 16 2 29 23 38 31 52 80 35 52 15 5 94 83 39 51 61 6 60 59 26 44 54 5 37 54 53 31 89 99 65 98 61 72 23 85 75 43 91 45 87 18 82 6 79 0 46 56 44 45 93 8 33 28 51 38 87 59 72 0 32 71 17 26 26 5 88 14 84 92 71 66 89 28 82 4 
65 96 33 78 28 29 56 5 50 48 50 80 65 27 93 82 82 15 60 60 79 53 25 72 30 31 78 15 4 70 34 66 81 15 32 90 91 67 91 13 50 52 83 93 66 97 53 52 84 85 66 10 52 93 69 39 93 25 37 13 19 73 2 30 98 17 57 90 59 58 72 77 0 0 33 32 41 93 91 55 62 4 90 19 17 52 92 53 76 16 84 75 80 80 
27 1 17 42 50 56 94 14 39 41 17 35 41 2 72 48 67 19 43 44 26 90 90 23 46 36 68 25 78 32 30 36 48 95 21 73 53 7 78 36 82 92 9 7 67 89 18 94 94 43 4 80 48 90 55 17 0 28 72 76 5 46 9 20 13 83 31 36 24 39 33 83 31 39 23 18 99 63 87 49 82 88 92 74 81 24 28 54 85 15 21 0 51 29 
64 20 78 30 31 73 15 25 30 12 89 22 15 93 9 94 74 36 1 98 56 80 60 41 34 67 53 75 14 91 97 91 65 21 12 87 40 81 76 59 41 22 9 56 34 68 12 64 69 40 27 40 75 83 59 30 15 63 56 4 52 24 11 81 23 71 18 35 70 61 53 7 21 30 69 42 24 39 29 52 95 91 98 75 42 48 56 13 20 59 63 59 66 6 
60 88 22 0 64 74 19 27 91 76 48 75 3 19 48 46 96 55 88 96 84 15 24 61 36 4 70 86 1 48 29 31 93 7 62 10 99 59 88 36 30 86 25 69 10 5 22 65 65 63 4 48 40 55 54 95 70 14 39 45 51 27 92 81 70 10 55 73 58 48 11 24 34 29 96 97 35 94 72 80 23 13 67 70 87 20 92 38 16 95 80 59 59 71 
96 49 71 25 25 56 65 78 44 71 14 69 89 74 69 58 51 7 51 82 25 95 71 58 41 13 76 20 62 52 51 1 25 19 44 80 80 39 60 68 2 96 71 78 0 60 76 70 93 61 81 97 46 86 42 24 89 62 55 27 95 33 54 53 78 27 4 91 76 23 44 92 90 65 93 21 69 68 40 2 54 28 5 46 98 87 88 87 5 16 77 98 69 21 
41 78 27 17 48 79 1 91 80 79 47 5 32 13 88 98 30 18 41 54 91 81 1 11 3 34 69 30 62 60 86 48 63 61 5 29 72 31 7 67 72 84 6 35 91 46 61 44 41 77 15 65 86 54 48 9 81 70 28 14 53 25 4 71 68 53 20 55 80 23 63 20 4 44 66 28 96 68 88 36 61 40 36 51 35 82 85 82 53 27 22 2 7 41 
21 62 4 19 3 91 8 3 95 22 89 95 56 93 17 91 57 66 2 42 94 69 90 59 33 21 24 37 88 95 84 84 71 52 52 11 35 12 15 91 64 39 2 64 52 24 23 7 0 73 5 52 8 15 67 79 16 91 20 79 30 93 48 27 56 53 3 53 43 48 38 63 74 1 99 52 44 62 49 13 13 33 73 98 84 69 57 33 50 86 31 74 19 72 
23 20 10 33 49 52 55 1 1 84 50 24 85 23 87 71 81 15 0 63 22 8 90 11 97 65 40 41 77 89 12 20 4 73 24 25 94 21 97 53 51 48 30 75 23 20 43 75 17 91 65 54 49 37 63 45 23 79 44 1 36 26 48 77 84 97 10 89 59 19 50 46 86 29 99 2 77 24 84 54 38 60 37 39 81 58 59 66 87 80 8 8 30 38 
20 71 15 28 47 39 59 11 69 93 72 58 46 90 96 7 31 71 56 78 82 85 94 74 45 64 9 70 34 94 14 40 67 46 1 86 29 6 78 53 44 90 42 11 77 30 2 36 68 88 70 2 65 68 92 54 89 37 8 39 51 74 5 14 34 65 85 95 71 39 17 80 79 73 40 72 69 75 97 36 50 20 10 42 99 81 84 54 37 79 45 46 68 28 
37 29 69 86 40 0 17 48 87 81 63 58 1 94 63 56 37 83 94 26 26 32 66 47 57 73 82 36 4 55 35 9 44 72 26 63 74 48 91 1 24 76 11 8 15 11 29 81 16 28 59 91 19 86 51 7 79 36 78 85 37 14 6 84 25 44 72 25 79 50 61 32 56 17 40 33 28 85 25 3 72 72 10 56 16 66 55 32 83 3 49 26 44 27 
67 77 77 69 25 37 59 24 46 44 36 59 26 84 33 23 82 9 8 50 66 3 95 67 88 66 20 21 26 51 68 27 4 77 23 62 97 21 89 10 36 78 27 50 84 0 9 89 19 36 77 60 92 29 94 2 72 58 14 91 50 24 82 45 68 52 99 53 9 66 50 66 46 8 53 40 86 26 78 59 54 95 81 80 15 14 26 33 65 91 25 77 96 97 
82 64 30 20 81 87 65 20 2 93 89 2 99 91 9 83 62 34 85 98 46 54 40 50 75 30 29 46 6 51 9 70 59 98 52 43 98 75 0 30 37 84 83 83 40 35 97 33 74 4 62 34 44 11 38 48 92 31 46 34 88 88 1 98 67 26 13 17 49 11 31 50 14 50 37 87 60 30 77 77 54 99 32 62 45 51 82 6 95 26 10 52 91 88 
34 99 32 61 32 33 74 95 81 27 19 75 63 55 95 30 42 23 78 18 83 55 95 54 11 75 34 10 20 38 64 92 55 43 63 89 87 43 85 85 31 8 70 59 45 66 18 43 7 11 21 81 2 44 25 67 42 50 94 39 99 91 30 92 50 96 32 72 25 36 39 35 48 91 31 10 19 68 8 95 61 89 40 36 39 33 60 71 95 85 43 10 21 16 
65 68 75 56 70 84 18 27 79 13 28 66 96 4 53 54 5 55 87 44 71 83 77 11 34 57 29 98 16 49 57 59 93 19 91 36 47 47 70 5 57 89 25 83 99 82 64 55 93 42 14 14 30 47 56 62 57 42 4 10 10 30 75 76 67 50 34 36 25 72 21 93 86 49 37 40 14 3 10 60 77 46 57 14 80 10 76 0 68 54 26 81 1 83 
18 50 98 17 71 16 89 32 23 63 69 17 36 94 87 11 60 4 80 8 73 67 70 10 21 3 44 85 76 27 85 46 92 85 26 27 71 56 94 93 56 72 62 3 47 69 94 38 43 4 47 40 9 2 20 90 83 31 68 74 96 84 22 2 56 30 55 41 41 72 50 36 92 43 58 29 33 5 85 72 65 79 12 81 70 40 86 62 6 95 76 77 74 96 
11 16 94 24 66 39 22 16 71 26 35 73 91 19 15 65 94 17 59 33 57 52 80 59 20 26 18 43 68 84 57 59 93 94 42 40 90 36 25 75 54 22 1 89 3 94 5 7 74 74 18 55 65 64 54 0 13 51 55 12 21 77 14 89 0 54 28 20 64 53 54 71 39 52 30 67 90 22 70 18 93 41 40 28 45 43 76 91 30 11 41 57 86 21 
60 89 88 74 84 47 58 45 79 90 29 56 14 20 66 55 74 45 91 8 63 64 36 27 23 20 23 84 40 54 87 59 4 49 89 24 62 27 70 85 82 74 2 98 5 31 93 48 78 2 43 74 17 0 74 36 7 70 52 1 0 72 48 92 37 83 26 11 22 68 91 9 31 89 36 19 23 9 26 66 82 19 22 67 64 16 11 99 59 59 61 22 18 79 
22 44 0 8 0 84 32 30 54 49 11 60 20 25 60 5 58 24 25 73 36 91 51 6 92 8 75 38 81 47 56 49 96 22 1 17 47 5 84 50 41 96 17 79 21 38 33 75 27 76 68 88 89 51 97 44 44 87 21 98 37 5 59 17 63 87 7 16 15 47 66 60 71 51 34 70 9 85 24 20 63 80 2 5 37 85 64 30 31 75 26 37 61 94 
55 40 93 67 74 38 47 35 10 14 49 33 10 97 66 26 78 75 53 48 68 49 19 63 39 31 57 40 60 65 41 80 81 36 52 69 67 15 12 68 49 67 64 11 16 64 61 97 84 21 38 45 65 95 16 20 57 23 87 52 79 47 0 2 87 44 47 94 65 98 18 6 81 60 17 61 60 62 62 79 52 85 45 63 74 82 0 4 92 11 76 9 55 83 
19 92 51 65 75 54 94 69 73 17 67 59 63 50 35 65 12 78 51 75 86 89 50 86 55 19 23 54 0 24 46 45 50 2 31 66 55 24 63 83 1 85 15 44 47 80 61 99 41 92 26 8 45 57 6 86 88 82 94 21 64 28 27 77 53 88 48 52 47 13 70 55 81 43 10 53 20 16 17 50 35 36 11 16 39 40 49 92 64 55 24 87 99 82 
76 55 96 2 19 86 87 77 51 47 6 61 78 45 38 41 19 8 15 42 56 33 51 69 52 2 27 80 15 36 85 86 9 47 62 93 90 52 19 63 13 9 56 21 37 37 13 49 45 66 45 82 71 29 61 6 54 94 57 0 82 93 70 11 19 36 68 72 35 7 64 92 13 46 47 62 97 79 53 64 36 12 0 64 42 72 74 88 12 82 38 99 1 93 
63 2 41 92 62 75 17 6 93 52 54 2 90 44 43 51 71 96 11 54 49 45 75 25 16 66 10 51 89 41 92 9 23 99 36 14 52 54 43 94 23 10 81 90 30 87 56 39 50 55 55 64 17 68 44 32 21 25 7 81 3 50 31 48 14 65 64 69 37 1 95 70 13 23 17 51 95 48 14 10 7 38 63 82 45 64 36 38 17 9 36 64 20 15 
78 75 73 9 84 90 14 0 51 86 51 50 19 80 65 97 23 25 5 96 69 8 84 91 78 42 82 49 4 0 92 66 97 24 83 35 85 33 79 84 77 3 41 44 82 40 16 72 18 26 55 30 69 89 88 76 28 36 94 10 91 4 18 41 84 62 48 10 50 46 8 43 24 80 95 77 83 67 75 36 78 69 24 28 40 59 11 36 97 89 33 16 98 6 
67 67 92 46 0 3 91 81 85 55 28 30 74 77 42 28 55 13 17 57 33 13 97 56 55 73 29 45 81 98 85 65 39 80 59 50 40 26 74 30 13 55 72 4 57 55 94 45 88 23 66 34 4 42 41 2 56 45 11 26 48 93 67 56 34 56 94 14 51 70 8 5 61 39 10 99 61 84 23 16 58 2 0 81 8 70 8 71 48 82 49 19 69 85 
13 56 80 96 9 61 77 80 96 86 9 52 41 25 36 31 10 83 20 63 41 17 6 63 45 92 93 14 62 81 32 61 26 78 20 6 48 19 46 32 71 64 9 0 41 21 76 33 35 80 68 96 72 46 32 15 48 69 36 36 2 2 94 30 87 40 59 88 76 73 15 33 4 61 56 21 18 60 49 74 89 8 40 15 9 73 92 26 78 18 49 9 45 90 
6 56 48 23 97 77 71 26 71 40 13 27 44 98 96 8 21 70 12 39 81 79 99 9 33 29 75 27 80 79 47 31 84 94 7 91 2 81 6 78 83 1 18 24 87 59 99 45 86 28 25 49 82 24 80 95 32 84 58 36 44 27 20 24 4 53 55 36 50 32 50 74 81 51 68 98 9 0 39 86 67 49 32 98 77 18 35 58 20 63 28 81 87 70 
40 50 67 9 2 10 8 74 97 14 31 3 98 74 4 61 24 75 76 24 80 46 28 14 96 55 61 53 8 13 55 55 11 63 0 33 12 68 1 76 81 88 24 64 25 40 78 66 10 49 90 86 86 64 52 42 79 81 59 11 71 90 24 54 53 3 39 78 38 60 93 16 4 10 73 24 13 52 53 0 17 7 52 63 65 74 53 92 60 16 3 61 68 78 
76 55 78 92 77 87 92 20 24 52 92 48 21 56 13 42 79 38 69 97 82 14 78 26 74 83 35 5 0 30 44 30 5 94 54 73 1 58 33 6 97 71 99 33 56 83 13 78 4 28 50 64 97 96 84 78 76 23 32 99 14 99 46 39 60 88 66 31 11 13 37 96 37 1 55 25 94 27 75 96 78 94 21 84 60 49 12 96 36 68 99 51 65 91 
27 39 9 67 36 96 3 40 82 31 88 23 14 9 60 57 36 67 87 32 48 63 31 44 86 65 39 59 88 63 34 99 90 63 12 93 25 36 38 44 61 60 34 83 74 32 89 72 26 45 32 74 28 16 6 34 65 5 88 94 27 42 68 79 20 75 48 29 85 30 51 9 8 33 54 67 22 47 17 38 9 8 49 17 85 52 34 47 41 68 25 75 37 54 
39 78 73 71 91 63 1 86 58 15 79 7 14 61 93 77 72 56 64 49 98 47 56 65 97 78 7 82 24 41 20 35 28 6 80 46 75 19 39 84 28 85 57 33 32 31 93 38 71 81 4 1 22 30 63 58 14 92 19 67 59 92 9 9 82 20 85 90 85 14 80 9 8 76 31 13 29 48 97 43 77 43 44 38 54 61 67 16 34 65 44 15 26 16 
44 1 45 99 25 42 60 62 61 21 34 31 64 94 64 56 20 3 70 31 37 61 2 76 37 46 43 20 38 73 59 81 94 23 13 97 52 69 41 85 92 55 66 67 1 76 43 20 84 67 79 8 59 62 86 51 87 89 76 78 18 59 32 51 57 34 3 31 1 29 29 50 91 63 69 48 90 50 68 86 36 58 63 43 96 29 90 55 63 52 57 55 64 19 
14 51 58 86 98 40 93 12 18 21 44 34 42 29 46 25 56 88 12 40 10 0 47 25 33 50 83 11 51 38 15 19 9 20 98 3 22 33 51 15 64 54 37 11 53 68 5 54 55 17 68 46 52 98 10 0 44 62 97 55 21 40 40 29 53 46 7 74 68 22 68 66 77 17 44 22 38 90 0 7 80 25 88 19 70 6 49 44 7 66 43 23 23 85 
50 42 38 57 31 43 27 62 67 29 23 99 3 28 38 26 2 21 33 12 80 80 31 36 49 59 6 2 75 92 93 0 58 34 95 89 68 9 3 58 61 28 19 10 57 73 96 46 89 12 0 22 32 0 59 7 34 27 4 38 84 17 24 2 47 65 13 98 76 28 84 18 85 43 5 40 57 91 53 18 98 68 94 92 52 43 51 44 27 90 62 55 81 10 
75 90 10 7 56 69 41 21 11 65 48 14 61 0 1 96 59 32 39 81 15 96 48 42 10 67 36 94 96 75 56 76 42 82 42 32 11 89 65 31 87 52 49 28 46 66 28 44 80 14 32 79 94 60 4 4 32 27 75 80 58 68 60 38 98 47 96 60 12 6 58 42 40 35 61 79 73 75 41 98 99 77 76 61 72 7 68 30 5 93 1 84 80 89 
77 77 82 4 52 74 9 32 54 87 23 57 92 69 26 49 2 14 37 20 88 49 17 17 36 51 18 13 56 54 85 54 42 84 90 47 41 52 35 59 92 37 31 71 33 72 1 46 94 29 65 48 63 93 1 46 41 28 30 30 4 54 38 7 61 64 78 41 91 48 69 19 95 61 36 93 72 78 70 68 49 10 27 85 62 47 32 75 37 76 45 49 84 3 
51 0 53 75 99 97 75 11 33 68 49 22 98 34 78 84 20 9 59 10 63 26 68 29 1 34 97 47 7 30 17 99 4 82 30 76 28 13 69 90 97 23 89 97 54 11 83 90 28 48 40 0 34 80 74 84 25 25 49 86 85 80 55 4 20 47 8 68 29 10 80 75 10 87 63 76 15 0 14 68 34 49 91 92 50 34 83 4 8 31 26 40 38 56 
