43
61 63 53 86 41 91 48 79 21 81 50 2 79 83 48 99 15 56 21 4 97 56 41 23 9 0 48 8 39 79 3 83 22 91 96 49 21 71 98 65 56 29 17 
24 9 85 11 57 10 94 73 79 16 70 45 29 19 76 48 79 37 69 45 25 33 0 9 97 88 95 18 21 98 20 10 54 32 36 66 23 6 96 84 80 20 45 
42 72 98 90 48 65 49 93 28 92 78 95 58 51 82 67 48 4 92 13 78 5 65 28 86 60 14 72 94 22 53 46 98 79 23 68 93 10 66 45 92 4 10 
7 22 94 74 70 76 52 88 60 68 0 23 60 6 72 30 37 11 6 97 57 58 82 68 50 78 65 12 64 61 9 27 28 90 72 32 38 9 43 71 62 53 20 
31 98 73 8 97 48 16 59 71 54 90 69 27 4 83 83 28 89 42 47 78 43 40 38 1 13 8 40 34 51 7 57 84 60 98 18 73 43 19 90 17 57 81 
17 54 59 52 8 10 86 32 63 4 51 79 55 41 8 53 31 43 13 92 86 72 88 38 12 1 10 95 7 43 66 13 68 3 7 89 59 9 65 11 16 31 5 
15 96 47 4 28 28 68 58 92 52 75 88 89 81 81 51 1 53 78 12 32 80 96 43 87 41 10 39 83 58 96 4 45 25 28 95 89 47 71 54 57 55 42 
97 38 49 41 1 31 73 17 69 47 68 67 55 41 66 84 73 3 29 56 32 71 97 99 34 43 53 86 60 93 67 37 71 82 0 61 9 4 27 45 71 77 72 
94 67 16 53 4 57 64 73 93 66 80 49 9 9 23 20 52 96 11 87 7 14 70 98 5 97 84 94 38 32 76 72 75 72 47 11 13 96 6 2 65 61 97 
69 9 83 17 30 68 87 19 87 20 66 44 56 97 29 51 27 87 74 54 69 61 62 74 91 56 53 41 97 70 74 72 88 64 66 44 26 44 52 94 33 1 75 
8 8 45 88 26 38 29 26 80 13 95 68 93 58 32 18 53 97 94 12 76 19 57 81 78 48 23 27 63 11 54 45 68 8 33 2 60 38 63 60 74 6 83 
30 4 88 98 78 9 93 96 56 65 66 93 27 77 29 29 73 38 22 82 12 6 75 49 80 90 64 49 40 83 3 28 36 52 5 30 9 98 83 27 12 47 4 
32 2 58 23 37 10 8 77 34 39 99 9 70 33 34 4 85 46 61 76 66 92 60 12 59 22 28 55 61 15 19 18 65 84 77 56 57 52 23 21 57 92 3 
6 46 45 30 53 4 22 58 81 84 39 97 82 57 98 3 15 21 18 32 84 12 50 53 78 48 22 1 50 40 93 77 63 54 25 42 84 29 16 31 42 64 83 
37 42 93 94 63 4 50 51 83 77 6 61 4 63 30 89 10 3 62 95 87 94 18 8 12 41 17 51 56 92 5 15 74 9 83 48 39 63 78 98 58 6 83 
47 12 14 59 15 36 65 40 38 39 5 15 91 2 31 23 73 64 61 47 20 4 23 26 41 40 19 0 26 83 38 6 41 62 43 23 68 73 75 21 23 98 55 
15 21 47 75 65 84 88 47 58 45 13 76 83 5 94 80 76 91 54 47 87 14 65 71 50 66 96 51 26 68 36 40 79 11 79 16 35 54 4 69 14 66 3 
3 13 64 16 6 46 34 81 35 96 36 87 0 96 92 58 75 91 97 52 12 4 12 95 72 30 81 24 95 15 92 61 61 0 30 52 93 6 22 62 62 62 2 
30 16 9 87 69 43 2 84 4 3 24 12 46 77 25 2 56 77 73 75 63 57 2 63 64 54 47 64 24 17 28 36 55 94 93 93 47 77 98 0 26 22 56 
48 84 3 61 25 7 44 96 69 70 36 88 94 29 43 63 14 47 12 75 53 22 34 12 70 60 30 89 5 66 68 69 23 6 67 26 6 98 42 92 84 21 10 
25 65 7 26 69 91 84 59 70 59 54 84 62 44 78 1 11 50 42 32 65 9 34 21 99 41 21 57 17 84 60 82 82 78 21 70 33 41 38 29 74 92 33 
0 99 22 75 96 94 29 24 28 58 7 22 41 56 10 28 28 48 84 12 33 86 7 28 47 79 8 81 3 70 17 65 7 55 85 90 12 55 60 50 35 15 69 
54 18 63 76 79 15 47 60 27 95 3 34 21 61 44 64 65 72 60 66 71 71 10 83 80 85 80 16 30 38 79 93 20 73 81 13 41 98 47 33 60 35 17 
80 93 72 58 94 95 5 72 55 58 38 5 60 31 90 1 93 24 35 20 41 38 89 92 47 19 65 88 66 36 30 29 73 35 61 78 14 26 70 3 20 56 55 
94 46 37 24 73 91 10 68 8 1 47 59 4 60 85 69 63 4 52 44 58 97 26 30 8 74 79 3 52 29 99 94 98 72 58 58 9 42 14 91 21 96 44 
55 76 94 71 77 66 62 93 48 65 44 77 1 0 97 40 95 44 54 44 23 66 31 96 65 48 38 57 66 18 82 96 69 93 70 32 8 66 20 51 15 26 50 
5 93 50 16 71 19 63 22 19 27 44 53 25 85 43 63 87 16 51 80 3 4 6 57 69 56 20 95 76 21 80 51 14 42 95 41 95 34 92 71 91 0 93 
94 16 78 13 73 88 90 39 21 81 68 56 45 6 25 46 30 34 89 67 58 15 77 65 52 53 69 92 4 2 84 54 33 69 71 91 27 83 70 48 98 31 43 
79 47 99 25 73 29 28 52 57 1 33 60 21 3 83 40 82 72 98 98 37 26 61 69 72 75 98 94 49 2 99 7 37 26 27 37 22 25 46 34 11 58 73 
89 92 57 27 94 86 16 68 2 96 30 15 91 53 35 87 56 6 61 68 57 89 8 88 22 11 14 61 62 67 95 60 22 76 71 57 32 13 56 16 36 49 28 
63 98 30 84 46 38 51 96 27 4 73 80 60 91 70 27 8 9 41 66 1 61 15 51 55 82 83 61 45 24 98 60 34 2 34 39 17 31 60 2 46 37 41 
61 20 92 58 96 23 39 80 68 55 57 71 97 3 11 39 69 48 55 42 91 47 70 85 98 50 51 89 40 52 8 6 77 35 53 30 85 90 3 81 41 77 67 
81 3 56 24 58 4 30 23 24 45 74 59 60 78 71 22 54 93 25 72 76 82 3 26 84 95 78 90 15 33 96 41 14 28 71 89 8 4 40 6 10 48 95 
89 3 99 21 5 15 46 53 70 18 49 26 47 47 42 2 63 79 32 84 73 53 45 70 78 31 0 69 99 6 90 3 47 93 32 79 27 64 29 81 46 52 75 
13 9 70 5 50 16 85 6 64 53 77 68 19 77 90 88 59 34 82 27 69 54 47 83 4 15 13 21 96 23 76 6 44 82 99 4 35 2 75 67 82 43 20 
61 41 81 87 11 12 64 93 26 5 74 28 87 31 35 82 31 51 54 7 79 87 0 25 44 31 96 56 30 96 30 40 79 73 52 46 59 98 3 71 75 43 6 
8 99 81 30 43 37 52 31 31 54 89 6 28 28 77 16 66 61 87 66 7 26 86 91 64 2 9 77 4 59 96 75 25 97 10 65 64 51 61 25 52 18 79 
52 83 68 90 35 85 14 86 52 88 63 84 58 77 13 87 0 75 89 43 45 24 63 81 62 50 84 10 85 93 89 21 67 28 25 92 4 86 42 19 66 23 69 
67 88 48 0 46 6 62 42 4 31 84 38 36 11 95 0 1 63 11 26 95 13 94 18 62 17 1 86 80 70 35 52 76 42 65 76 23 30 28 65 24 90 38 
19 73 54 28 12 12 90 58 52 32 32 13 16 44 71 5 88 54 23 38 33 42 28 25 11 6 28 17 38 6 54 57 48 77 5 10 23 10 47 0 25 17 19 
41 42 34 85 3 65 37 13 79 55 81 53 0 57 63 53 77 50 58 90 75 74 28 31 95 5 63 29 48 83 47 77 70 8 9 65 34 61 41 56 62 19 94 
70 13 40 81 15 0 76 28 71 44 89 21 84 76 11 36 46 28 23 59 21 16 63 56 64 30 32 5 0 23 68 95 31 45 63 57 52 86 77 5 45 85 88 
53 41 46 5 72 23 72 57 20 88 51 31 28 1 45 29 86 9 94 19 10 55 87 46 23 75 27 44 16 39 30 21 8 28 99 97 51 43 9 18 24 63 55 
