44
35 1 72 76 74 75 26 88 74 79 42 27 49 79 33 57 73 64 69 63 89 36 30 67 69 73 29 82 35 61 77 33 26 73 21 37 85 39 45 18 18 76 73 87 
65 86 72 36 43 95 83 96 12 23 8 14 24 76 18 56 15 61 63 68 53 4 30 47 65 85 68 96 74 93 77 93 71 28 43 8 87 51 98 77 65 81 21 76 
75 93 2 47 11 13 37 87 44 82 25 8 73 25 91 58 7 14 81 6 2 52 80 6 62 89 51 74 77 56 43 96 92 56 35 31 3 47 1 16 34 28 80 34 
18 31 29 77 62 20 85 53 98 60 1 9 10 60 97 14 44 2 7 46 49 70 23 71 2 61 68 81 1 58 42 6 80 23 4 31 17 35 10 64 9 30 3 44 
77 33 96 30 97 88 36 50 56 6 13 81 88 76 90 21 48 91 44 11 25 20 78 42 18 13 51 5 36 19 37 69 45 35 29 82 65 30 8 69 43 44 62 74 
86 85 58 88 51 55 60 82 84 36 36 69 0 69 8 12 18 99 53 47 27 78 75 45 87 76 21 77 32 93 45 53 39 42 58 66 54 30 76 43 23 97 37 64 
34 8 77 30 96 34 85 70 76 15 6 8 40 38 64 88 9 56 78 84 92 80 20 79 57 74 15 53 83 53 67 35 66 20 7 87 29 0 14 55 58 73 78 71 
51 64 53 24 37 22 21 56 65 43 89 20 24 60 38 13 15 50 72 14 26 85 25 39 14 37 76 44 3 65 64 46 57 58 68 27 71 42 71 80 25 59 44 95 
23 38 76 91 75 17 85 38 40 70 19 37 78 49 59 91 34 78 79 76 93 39 12 81 69 97 15 69 9 71 27 78 78 43 53 54 20 6 30 90 99 39 10 74 
39 72 14 91 58 96 19 45 52 9 98 56 30 54 29 23 44 13 76 4 78 96 97 43 66 81 82 37 35 76 45 49 41 13 22 36 85 56 81 2 46 94 98 81 
14 93 45 65 75 47 64 17 17 56 17 86 84 30 43 9 19 14 16 68 61 46 7 34 78 65 35 91 98 48 40 81 65 31 96 64 21 35 99 89 20 35 40 6 
75 65 71 34 93 41 83 48 59 9 33 41 4 20 47 32 4 45 48 83 14 83 45 44 47 35 25 9 83 94 62 28 82 98 43 34 28 68 67 76 98 52 59 18 
77 32 93 56 45 10 45 2 11 50 88 72 84 13 33 3 38 44 0 16 14 64 3 2 32 91 67 58 78 49 71 80 72 6 71 8 89 15 52 44 51 95 46 45 
41 3 72 97 22 66 5 69 18 5 98 87 29 59 67 19 76 9 75 34 1 77 23 96 83 88 25 77 98 10 2 3 13 18 82 22 25 55 93 48 67 99 5 4 
15 71 3 66 52 0 19 30 11 85 29 39 52 45 60 23 68 8 72 41 97 58 67 94 72 68 28 0 49 76 48 37 18 91 44 28 5 6 29 51 84 31 19 90 
11 54 36 36 33 68 49 96 4 79 26 69 20 96 67 79 98 98 83 54 18 48 33 17 56 83 55 6 7 14 31 45 56 91 14 30 45 87 55 27 11 93 53 79 
95 3 5 54 5 94 10 43 11 41 15 69 80 55 51 5 64 78 96 15 17 3 90 91 28 48 24 84 78 51 34 97 99 34 58 68 8 8 72 93 17 83 44 3 
6 89 67 22 27 20 46 69 19 52 28 58 98 51 96 53 44 87 98 18 38 80 10 23 51 40 94 34 88 9 54 59 73 71 11 7 20 51 6 98 85 12 76 71 
3 45 45 54 37 3 76 37 46 17 26 36 55 66 16 92 44 8 49 19 6 99 73 30 7 92 79 71 64 8 49 54 19 29 1 16 30 77 82 84 53 62 65 15 
68 42 42 58 49 31 91 21 32 51 31 18 16 10 93 72 39 53 40 96 39 12 75 39 39 75 74 10 69 47 99 31 53 35 8 96 0 18 86 94 92 93 18 79 
15 18 69 9 28 21 57 24 9 21 32 39 23 34 37 64 64 90 73 97 47 43 53 86 31 50 97 21 25 26 6 22 12 19 77 9 27 73 84 41 58 92 82 47 
83 75 23 96 92 26 18 24 57 41 22 48 19 26 12 67 48 26 11 65 7 61 91 45 49 33 16 85 30 6 7 76 66 68 47 40 28 52 90 33 40 68 51 3 
44 6 0 44 21 13 72 26 29 93 31 92 97 37 70 47 98 30 6 29 57 66 83 18 47 30 5 0 39 37 95 65 19 87 40 35 35 23 98 16 4 78 75 11 
0 4 78 40 32 89 32 11 15 20 17 76 19 32 40 48 35 28 48 72 62 85 16 13 14 44 69 63 81 1 93 22 50 80 92 54 69 74 36 42 41 4 66 93 
39 64 46 39 47 22 84 39 43 19 92 62 71 28 29 75 28 57 48 92 90 40 72 6 66 37 18 54 42 93 45 82 15 57 8 90 84 57 68 6 28 29 73 41 
26 46 78 60 78 46 69 27 37 27 53 17 1 67 86 78 43 82 0 41 66 12 28 16 5 22 60 26 78 55 66 55 42 24 3 55 13 77 62 64 90 42 28 70 
36 0 45 55 15 25 69 64 62 23 72 71 43 80 99 5 74 58 23 24 59 36 1 26 30 29 17 82 93 74 17 93 37 74 70 60 75 96 49 1 14 70 47 24 
9 85 47 77 26 42 29 91 7 8 4 43 62 7 14 99 92 21 96 78 94 11 5 26 3 33 68 18 78 63 30 50 80 0 38 56 56 14 91 53 11 86 40 41 
15 10 23 95 64 72 17 26 85 43 95 97 50 14 1 22 94 69 19 86 28 40 45 68 39 10 89 13 78 79 36 36 75 46 10 32 63 63 95 75 68 97 34 76 
8 76 18 9 98 45 64 52 96 67 11 88 42 98 55 5 65 91 34 12 64 8 22 64 49 42 67 43 50 13 5 52 50 19 9 59 10 41 8 3 96 23 94 81 
27 51 66 46 55 98 20 70 36 99 96 88 50 73 93 32 22 48 89 69 4 67 91 37 98 73 72 32 49 49 60 5 68 45 37 71 33 4 74 92 57 20 82 67 
24 84 52 24 14 49 56 74 41 64 99 34 78 56 75 55 87 46 62 21 63 23 0 66 34 97 54 24 21 38 2 78 26 18 50 83 17 92 40 25 45 53 15 81 
22 6 25 7 1 36 68 66 15 89 40 12 56 80 18 17 26 2 12 57 94 13 17 79 82 74 80 91 58 20 53 0 18 16 22 9 12 0 46 79 64 31 44 77 
63 59 0 83 6 6 2 51 40 95 66 41 43 15 93 51 77 68 62 10 26 85 15 5 23 62 79 88 81 3 72 32 80 93 69 90 88 17 18 33 37 46 33 82 
95 25 89 63 60 64 78 88 47 21 15 2 95 17 76 57 72 78 88 14 19 61 52 66 47 48 83 10 41 92 45 25 6 35 95 27 75 25 81 88 79 69 34 13 
63 55 57 46 80 98 61 86 91 96 72 96 9 89 81 96 55 6 8 81 48 70 63 1 85 60 62 44 39 36 9 73 80 87 94 68 9 14 82 49 0 22 52 6 
17 48 69 41 39 84 20 76 89 8 22 59 67 51 46 6 83 99 63 12 77 84 18 66 95 79 43 47 95 68 13 22 67 76 98 5 66 94 22 58 73 29 79 49 
25 7 77 92 60 29 92 68 79 32 38 87 90 44 89 71 24 24 47 55 7 29 76 5 64 32 45 69 99 83 30 28 13 48 91 29 4 11 56 41 21 69 23 89 
2 33 19 31 98 99 53 29 48 96 80 49 96 66 27 51 93 68 19 80 54 58 63 61 88 67 80 48 20 12 42 23 43 39 81 52 38 36 9 96 44 16 60 45 
99 35 46 58 26 68 7 33 46 61 59 45 13 56 15 9 8 62 78 46 93 50 51 85 3 5 41 53 74 26 58 88 96 73 47 0 79 50 37 46 37 88 41 11 
73 28 49 80 4 33 89 88 4 88 10 12 54 5 30 74 62 16 94 95 16 59 26 56 2 70 1 12 76 61 70 21 90 55 50 88 20 82 53 87 32 79 1 2 
6 7 68 13 80 5 26 94 46 20 2 2 16 49 76 3 83 91 81 82 38 21 47 54 33 56 95 53 9 91 40 14 72 9 62 73 48 51 92 68 79 73 5 66 
73 43 41 2 53 29 4 2 87 91 75 45 51 25 62 32 95 95 7 9 35 1 70 26 66 14 60 66 10 27 45 61 93 34 68 30 19 16 97 13 67 25 46 99 
97 96 85 43 63 47 35 95 0 29 42 72 90 2 60 43 60 0 51 73 8 84 45 42 52 81 77 35 20 85 97 61 88 64 59 98 59 8 39 83 58 11 47 36 
