33
5 81 50 35 96 63 86 27 57 4 21 52 51 66 83 96 71 17 81 0 91 78 84 51 37 17 56 12 82 55 3 29 92 
35 72 84 56 76 27 21 50 40 44 98 91 36 56 0 13 49 69 69 69 47 21 92 61 49 65 73 46 96 69 78 41 81 
52 7 91 38 14 97 31 37 9 67 76 14 45 25 51 42 49 31 81 88 51 47 92 60 20 63 96 95 12 37 14 91 9 
73 33 8 0 72 24 47 98 23 16 47 84 37 94 61 41 49 86 54 21 64 63 30 71 98 28 35 97 69 68 73 65 56 
14 99 52 13 43 66 1 7 28 27 15 37 13 15 73 40 17 65 12 77 77 94 96 3 90 37 63 8 50 90 90 34 82 
37 42 30 19 18 23 57 5 31 13 0 53 98 52 34 28 47 70 4 91 54 97 60 54 92 14 87 97 64 16 42 9 14 
94 64 2 10 0 11 41 14 55 48 50 3 39 13 36 18 65 10 52 81 58 95 16 8 31 86 52 33 37 64 39 56 29 
7 28 36 8 16 66 40 72 78 87 30 6 27 41 50 52 58 49 2 57 99 4 90 53 20 0 82 7 81 5 10 33 54 
75 58 94 96 26 58 84 74 24 6 33 58 15 50 8 69 25 78 88 8 98 45 88 50 72 4 11 95 53 13 89 6 72 
21 3 67 19 60 19 63 31 25 87 1 54 90 20 67 1 70 64 2 22 25 45 31 66 13 53 32 56 71 14 98 9 94 
15 49 24 44 26 66 57 22 46 44 30 15 20 35 56 36 41 58 40 99 70 40 82 46 17 58 34 92 46 68 90 75 42 
3 40 53 52 50 28 68 52 20 4 20 92 74 32 33 91 34 28 91 85 25 81 19 26 15 47 75 32 61 82 93 20 83 
29 76 29 4 36 72 66 47 94 62 89 52 77 49 29 48 98 55 70 98 6 8 94 34 16 24 84 24 30 12 24 83 98 
67 69 80 80 91 39 11 9 76 78 96 28 56 64 51 99 94 39 98 22 4 31 68 51 59 62 35 97 32 75 98 2 78 
25 5 29 39 1 11 90 82 83 63 25 38 68 75 17 73 74 1 21 89 50 95 22 50 35 67 20 96 61 20 27 63 0 
12 70 13 98 15 91 5 56 17 67 22 13 92 53 50 38 33 2 14 70 93 15 82 34 95 6 98 66 61 92 40 26 89 
72 21 59 71 94 20 22 49 38 78 79 94 63 61 52 40 6 70 33 80 55 89 8 81 80 41 41 97 41 41 48 88 7 
15 68 31 65 67 16 12 8 25 77 29 4 84 11 27 88 15 93 90 51 22 87 6 85 36 7 1 54 93 13 16 57 43 
40 88 77 99 50 30 10 2 52 62 98 58 99 29 76 79 87 10 97 46 93 33 18 73 40 88 78 1 37 33 65 37 81 
0 83 36 9 86 18 18 40 84 23 40 48 59 31 75 82 80 79 48 18 4 79 70 76 53 3 23 52 77 89 84 85 57 
1 61 28 29 8 46 45 67 41 80 2 97 53 47 48 89 7 44 80 80 15 0 67 34 44 86 39 94 57 34 69 18 9 
66 23 63 39 84 54 43 69 54 18 94 57 71 39 59 11 7 9 72 50 83 96 39 13 83 9 5 50 21 48 3 50 51 
10 3 56 37 1 44 48 77 71 79 20 47 24 92 10 53 76 89 93 63 0 10 70 24 42 21 0 47 44 88 27 18 10 
54 82 13 56 58 24 1 2 20 57 83 35 91 7 24 13 51 52 16 95 76 35 29 91 43 86 18 27 18 42 52 94 27 
38 68 27 46 63 42 17 40 81 75 24 44 8 11 61 13 90 70 57 62 44 97 47 67 0 87 70 23 98 15 78 19 72 
34 60 87 48 37 34 40 20 38 22 51 36 51 43 96 0 61 65 39 73 92 46 24 48 54 1 41 50 86 3 10 90 42 
53 65 26 14 65 32 73 22 98 88 2 14 71 40 89 64 5 95 91 94 16 59 67 27 75 11 36 38 48 8 15 34 0 
56 39 68 60 71 48 77 68 83 16 87 29 52 17 1 51 46 84 61 10 68 95 38 30 57 31 70 53 40 33 96 6 36 
42 47 97 90 58 17 4 73 37 71 30 93 70 6 99 0 73 74 51 14 4 63 8 99 51 42 14 99 24 6 6 93 14 
24 7 61 46 72 34 73 85 29 1 91 41 61 23 81 78 71 43 42 65 6 90 57 72 99 32 80 41 2 71 35 61 90 
2 79 18 35 17 14 24 66 11 1 17 0 89 50 51 83 2 87 99 82 3 32 94 44 38 20 56 45 60 63 46 45 63 
77 87 14 86 75 74 45 6 56 87 88 47 78 37 51 61 27 54 69 29 18 36 18 28 95 4 71 26 60 25 90 97 95 
7 9 21 49 31 34 40 84 42 97 59 20 10 94 27 68 56 97 78 61 16 60 27 57 14 20 1 58 13 81 24 84 6 
